00600002000000000000000082460000000001115700005000000000023430
00600002000000000000000082470000000001049590005000000000022041
00600002000000000000000082480000000002190080005000000000045992
00600002000000000000000082490000000001074380005000000000022562
00600002000000000000000082500000000001231400005000000000025860
00600002000000000000000082510000000000652890005000000000013711
00600002000000000000000082520000000000123970005000000000002603
00600002000000000000000082530000000000743800005000000000015620
00600002000000000000000082540000000000165290005000000000003471
00600002000000000000000082550000000000826450005000000000017355
00600002000000000000000082560000000000495870005000000000010413
00600002000000000000000082570000000000330580005000000000006942
00600002000000000000000082580000000001148760005000000000024124
00600002000000000000000082590000000001177690005000000000024731
00600002000000000000000082600000000000818180005000000000017182
00600002000000000000000082610000000000619830005000000000013017
00600002000000000000000082620000000000214880005000000000004512
00600002000000000000000082630000000000123970005000000000002603
00600002000000000000000082640000000000702480005000000000014752
00600002000000000000000082650000000000702480005000000000014752
00600002000000000000000082660000000000371900005000000000007810
00600002000000000000000082670000000000165290005000000000003471
00600002000000000000000082680000000000867770005000000000018223
00600002000000000000000082690000000000247930005000000000005207
00600002000000000000000082700000000001231400005000000000025860
00600002000000000000000082710000000002223140005000000000046686
00600002000000000000000082720000000000380170005000000000007983
00600002000000000000000082730000000001181820005000000000024818
00600002000000000000000082740000000000396690005000000000008331
00600002000000000000000082750000000000396690005000000000008331
00600002000000000000000082760000000000396690005000000000008331
00600002000000000000000082770000000000570250005000000000011975
00600002000000000000000082780000000000396690005000000000008331
00600002000000000000000082790000000001115700005000000000023430
00600002000000000000000082800000000001033060005000000000021694
00600002000000000000000082810000000003975210005000000000083479
00600002000000000000000082820000000002264460005000000000047554
00600002000000000000000082830000000001578510005000000000033149
00600002000000000000000082840000000000082640005000000000001736
00600002000000000000000082850000000000413220005000000000008678
00600002000000000000000082860000000000694210005000000000014579
00600002000000000000000082870000000000330580005000000000006942
00600002000000000000000082880000000000727270005000000000015273
00600002000000000000000082890000000000289260005000000000006074
00600002000000000000000082900000000000371900005000000000007810
00600002000000000000000082910000000000289260005000000000006074
00600002000000000000000082920000000000206610005000000000004339
00600002000000000000000082930000000001115700005000000000023430
00600002000000000000000082940000000000396690005000000000008331
00600002000000000000000082950000000000371900005000000000007810
00600002000000000000000082960000000000892560005000000000018744
00600002000000000000000082970000000000322310005000000000006769
00600002000000000000000082980000000000867770005000000000018223
00600002000000000000000082990000000000396690005000000000008331
00600002000000000000000083000000000001280990005000000000026901
00600002000000000000000083010000000001198350005000000000025165
00600002000000000000000083020000000000694210005000000000014579
00600002000000000000000083030000000000371900005000000000007810
00600002000000000000000083040000000001301650005000000000027335
00600002000000000000000083050000000000710740005000000000014926
00600002000000000000000083060000000000495870005000000000010413
00600002000000000000000083070000000000297520005000000000006248
00600002000000000000000083080000000000185950005000000000003905
00600002000000000000000083090000000001747930005000000000036707
00600002000000000000000083100000000000396690005000000000008331
00600002000000000000000083110000000001264460005000000000026554
00600002000000000000000083120000000000396690005000000000008331
00600002000000000000000083130000000000495870005000000000010413
00600002000000000000000083140000000000702480005000000000014752
00600002000000000000000083150000000000421490005000000000008851
00600002000000000000000083160000000000768600005000000000016140
00600002000000000000000083170000000002024790005000000000042521
00600002000000000000000083180000000001115700005000000000023430
00600002000000000000000083190000000000619830005000000000013017
00600002000000000000000083200000000000297520005000000000006248
00600002000000000000000083210000000000561980005000000000011802
00600002000000000000000083220000000000396690005000000000008331
00600002000000000000000083230000000000371900005000000000007810
00600002000000000000000083240000000002396690005000000000050331
00600002000000000000000083250000000000677690005000000000014231
00600002000000000000000083260000000000909090005000000000019091
00600002000000000000000083270000000001033060005000000000021694
00600002000000000000000083280000000000161160005000000000003384
00600002000000000000000083290000000000735540005000000000015446
00600002000000000000000083300000000001314050005000000000027595
00600002000000000000000083310000000000793390005000000000016661
00600002000000000000000083320000000000371900005000000000007810
00600002000000000000000083330000000001285120005000000000026988
00600002000000000000000083340000000000652890005000000000013711
00600002000000000000000083350000000001033060005000000000021694
00600002000000000000000083370000000000652890005000000000013711
00600002000000000000000083380000000000396690005000000000008331
00600002000000000000000083390000000000371900005000000000007810
00600002000000000000000083400000000000165290005000000000003471
00600002000000000000000083410000000000322310005000000000006769
00600002000000000000000083420000000000495870005000000000010413
00600002000000000000000083430000000000330580005000000000006942
00600002000000000000000083440000000000404960005000000000008504
00600002000000000000000083450000000000454550005000000000009545
00600002000000000000000083460000000000818180005000000000017182
00600002000000000000000083470000000000289260005000000000006074
00600002000000000000000083480000000000516530005000000000010847
00600002000000000000000083490000000000206610005000000000004339
00600002000000000000000083500000000002479340005000000000052066
00600002000000000000000083510000000001735540005000000000036446
00600002000000000000000083520000000001280990005000000000026901
00600002000000000000000083530000000000578510005000000000012149
00600002000000000000000083540000000000495870005000000000010413
00600002000000000000000083550000000000330580005000000000006942
00600002000000000000000083560000000001615700005000000000033930
00600002000000000000000083570000000000322310005000000000006769
00600002000000000000000083580000000000462810005000000000009719
00600002000000000000000083590000000000652890005000000000013711
00600002000000000000000083600000000000272730005000000000005727
00600002000000000000000083610000000000396690005000000000008331
00600002000000000000000083620000000000595040005000000000012496
00600002000000000000000083630000000001376030005000000000028897
00600002000000000000000083640000000001219010005000000000025599
00600002000000000000000083650000000001239670005000000000026033
00600002000000000000000083660000000000165290005000000000003471
00600002000000000000000083670000000000289260005000000000006074
00600002000000000000000083680000000000123970005000000000002603
00600002000000000000000083690000000000809920005000000000017008
00600002000000000000000083700000000000487600005000000000010240
00600002000000000000000083710000000000785120005000000000016488
00600002000000000000000083720000000000123970005000000000002603
00600002000000000000000083730000000000330580005000000000006942
00600002000000000000000083740000000001438020005000000000030198
00600002000000000000000083750000000000421490005000000000008851
00600002000000000000000083760000000000123970005000000000002603
00600002000000000000000083770000000001140500005000000000023950
00600002000000000000000083780000000001198350005000000000025165
00600002000000000000000083790000000001190080005000000000024992
00600002000000000000000083800000000000652890005000000000013711
00600002000000000000000083810000000000165290005000000000003471
00600002000000000000000083820000000000206610005000000000004339
00600002000000000000000083830000000000330580005000000000006942
00600002000000000000000083840000000000735540005000000000015446
00600002000000000000000083850000000000371900005000000000007810
00600002000000000000000083860000000000578510005000000000012149
00600002000000000000000083870000000000950410005000000000019959
00600002000000000000000083880000000000322310005000000000006769
00600002000000000000000083890000000000099170005000000000002083
00600002000000000000000083900000000002561980005000000000053802
00600002000000000000000083910000000000446280005000000000009372
00600002000000000000000083920000000001355370005000000000028463
00600002000000000000000083930000000000867770005000000000018223
00600002000000000000000083940000000000454550005000000000009545
00600002000000000000000083950000000001239670005000000000026033
00600002000000000000000083960000000000198350005000000000004165
00600002000000000000000083970000000000495870005000000000010413
00600002000000000000000083980000000000892560005000000000018744
00600002000000000000000083990000000001066120005000000000022388
00600002000000000000000084000000000000330580005000000000006942
00600002000000000000000084010000000000528930005000000000011107
00600002000000000000000084020000000000371900005000000000007810
00600002000000000000000084030000000000421490005000000000008851
00600002000000000000000084040000000001239670005000000000026033
00600002000000000000000084050000000002528930005000000000053107
00600002000000000000000084060000000000570250005000000000011975
00600002000000000000000084070000000001033060005000000000021694
00600002000000000000000084080000000000537190005000000000011281
00600002000000000000000084090000000001396690005000000000029331
00600002000000000000000084100000000000537190005000000000011281
00600002000000000000000084110000000000814050005000000000017095
00600002000000000000000084120000000000206610005000000000004339
00600002000000000000000084130000000001280990005000000000026901
00600002000000000000000084140000000000785120005000000000016488
00600002000000000000000084150000000000950410005000000000019959
00600002000000000000000084160000000000227270005000000000004773
00600002000000000000000084170000000000396690005000000000008331
00600002000000000000000084180000000000396690005000000000008331
00600002000000000000000084190000000003057850005000000000064215
00600002000000000000000084200000000000537190005000000000011281
00600002000000000000000084210000000001181820005000000000024818
00600002000000000000000084220000000000355370005000000000007463
00600002000000000000000084230000000000909090005000000000019091
00600002000000000000000084240000000000826450005000000000017355
00600002000000000000000084250000000001140500005000000000023950
00600002000000000000000084260000000002528930005000000000053107
00600002000000000000000084270000000000768600005000000000016140
00600002000000000000000084280000000000826450005000000000017355
00600002000000000000000084290000000000322310005000000000006769
00600002000000000000000084300000000000347110005000000000007289
00600002000000000000000084310000000000950410005000000000019959
00600002000000000000000084320000000000198350005000000000004165
00600002000000000000000084330000000001363640005000000000028636
00600002000000000000000084340000000000818180005000000000017182
00600002000000000000000084350000000001033060005000000000021694
00600002000000000000000084360000000001239670005000000000026033
00600002000000000000000084370000000000396690005000000000008331
00600002000000000000000084380000000001066120005000000000022388
00600002000000000000000084390000000001033060005000000000021694
00600002000000000000000084400000000000305790005000000000006421
00600002000000000000000084410000000000421490005000000000008851
00600002000000000000000084420000000000289260005000000000006074
00600002000000000000000084430000000000289260005000000000006074
00600002000000000000000084440000000002107440005000000000044256
00600002000000000000000084450000000002685950005000000000056405
00600002000000000000000084460000000000322310005000000000006769
00600002000000000000000084470000000000785120005000000000016488
00600002000000000000000084480000000000396690005000000000008331
00600002000000000000000084490000000000289260005000000000006074
00600002000000000000000084500000000000487600005000000000010240
00600002000000000000000084510000000000702480005000000000014752
00600002000000000000000084520000000000570250005000000000011975
00600002000000000000000084530000000000396690005000000000008331
00600002000000000000000084540000000000677690005000000000014231
00600002000000000000000084550000000000206610005000000000004339
00600002000000000000000084560000000000446280005000000000009372
00600002000000000000000084570000000000702480005000000000014752
00600002000000000000000084580000000000595040005000000000012496
00600002000000000000000084590000000000950410005000000000019959
00600002000000000000000084600000000001033060005000000000021694
00600002000000000000000084610000000000743800005000000000015620
00600002000000000000000084620000000004132230005000000000086777
00600002000000000000000084630000000001074380005000000000022562
00600002000000000000000084640000000002140500005000000000044950
00600002000000000000000084650000000000396690005000000000008331
00600002000000000000000084660000000000433880005000000000009112
00600002000000000000000084670000000001219010005000000000025599
00600002000000000000000084680000000000289260005000000000006074
00600002000000000000000084690000000001735540005000000000036446
00600002000000000000000084710000000000396690005000000000008331
00600002000000000000000084720000000000371900005000000000007810
00600002000000000000000084730000000000735540005000000000015446
00600002000000000000000084740000000000194210005000000000004079
00600002000000000000000084750000000000991740005000000000020826
00600002000000000000000084760000000000330580005000000000006942
00600002000000000000000084770000000000429750005000000000009025
00600002000000000000000084780000000000330580005000000000006942
00600002000000000000000084790000000000652890005000000000013711
00600002000000000000000084800000000000661160005000000000013884
00600002000000000000000084810000000000652890005000000000013711
00600002000000000000000084820000000000504130005000000000010587
00600002000000000000000084830000000000272730005000000000005727
00600002000000000000000084840000000000611570005000000000012843
00600002000000000000000084850000000001355370005000000000028463
00600002000000000000000084860000000001264460005000000000026554
00600002000000000000000084870000000001033060005000000000021694
00100002000000000000000000640000000000363640005000000000007636
00600002000000000000000084880000000000289260005000000000006074
00600002000000000000000084890000000000247930005000000000005207
00600002000000000000000084900000000002429750005000000000051025
00600002000000000000000084910000000000123970005000000000002603
00600002000000000000000084920000000000867770005000000000018223
00600002000000000000000084930000000000396690005000000000008331
00600002000000000000000084940000000000433880005000000000009112
00600002000000000000000084950000000002066120005000000000043388
00600002000000000000000084960000000000619830005000000000013017
00600002000000000000000084970000000000371900005000000000007810
00600002000000000000000084980000000000702480005000000000014752
00600002000000000000000084990000000000971070005000000000020393
00600002000000000000000085000000000000396690005000000000008331
00600002000000000000000085010000000001487600005000000000031240
00600002000000000000000085020000000000396690005000000000008331
00600002000000000000000085030000000001115700005000000000023430
00600002000000000000000085040000000000371900005000000000007810
00600002000000000000000085050000000000454550005000000000009545
00600002000000000000000085060000000000206610005000000000004339
00600002000000000000000085070000000001198350005000000000025165
00600002000000000000000085080000000001099170005000000000023083
00600002000000000000000085090000000000206610005000000000004339
00600002000000000000000085100000000001033060005000000000021694
00600002000000000000000085110000000000785120005000000000016488
00600002000000000000000085120000000000785120005000000000016488
00600002000000000000000085130000000000413220005000000000008678
00600002000000000000000085140000000000371900005000000000007810
00600002000000000000000085150000000000396690005000000000008331
00600002000000000000000085160000000000396690005000000000008331
00600002000000000000000085170000000001466940005000000000030806
00600002000000000000000085180000000000371900005000000000007810
00600002000000000000000085190000000001396690005000000000029331
00600002000000000000000085200000000000371900005000000000007810
00600002000000000000000085210000000000330580005000000000006942
00600002000000000000000085220000000000247930005000000000005207
00600002000000000000000085230000000000371900005000000000007810
00600002000000000000000085240000000000413220005000000000008678
00600002000000000000000085250000000000785120005000000000016488
00600002000000000000000085260000000000392560005000000000008244
00600002000000000000000085270000000001859500005000000000039050
00600002000000000000000085280000000000516530005000000000010847
00600002000000000000000085290000000000330580005000000000006942
00600002000000000000000085300000000000305790005000000000006421
00600002000000000000000085310000000000991740005000000000020826
00600002000000000000000085320000000001466940005000000000030806
00600002000000000000000085330000000000661160005000000000013884
00600002000000000000000085340000000000206610005000000000004339
00600002000000000000000085350000000000702480005000000000014752
00600002000000000000000085360000000000578510005000000000012149
00600002000000000000000085370000000000289260005000000000006074
00600002000000000000000085380000000000570250005000000000011975
00600002000000000000000085390000000000371900005000000000007810
00600002000000000000000085400000000000413220005000000000008678
00600002000000000000000085410000000000330580005000000000006942
00600002000000000000000085420000000001157020005000000000024298
00600002000000000000000085430000000000330580005000000000006942
00600002000000000000000085440000000000975210005000000000020479
00600002000000000000000085450000000000371900005000000000007810
00600002000000000000000085460000000000371900005000000000007810
00600002000000000000000085470000000000396690005000000000008331
00600002000000000000000085480000000000206610005000000000004339
00600002000000000000000085490000000000495870005000000000010413
00600002000000000000000085500000000000371900005000000000007810
00600002000000000000000085510000000000454550005000000000009545
00600002000000000000000085520000000001425620005000000000029938
00600002000000000000000085530000000001425620005000000000029938
00600002000000000000000085540000000000239670005000000000005033
00600002000000000000000085550000000000247930005000000000005207
00600002000000000000000085560000000001198350005000000000025165
00600002000000000000000085570000000000867770005000000000018223
00600002000000000000000085590000000000661160005000000000013884
00600002000000000000000085600000000001404960005000000000029504
00600002000000000000000085610000000000396690005000000000008331
00600002000000000000000085620000000000309920005000000000006508
00600002000000000000000085630000000000661160005000000000013884
00600002000000000000000085640000000001280990005000000000026901
00600002000000000000000085650000000000330580005000000000006942
00600002000000000000000085660000000000330580005000000000006942
00600002000000000000000085670000000000404960005000000000008504
00600002000000000000000085680000000000454550005000000000009545
00600002000000000000000085690000000000735540005000000000015446
00600002000000000000000085700000000000371900005000000000007810
00600002000000000000000085710000000000289260005000000000006074
00600002000000000000000085720000000000371900005000000000007810
00600002000000000000000085730000000000297520005000000000006248
00600002000000000000000085740000000000322310005000000000006769
00600002000000000000000085750000000001115700005000000000023430
00600002000000000000000085760000000000570250005000000000011975
00600002000000000000000085770000000000322310005000000000006769
00600002000000000000000085780000000000322310005000000000006769
00600002000000000000000085790000000000702480005000000000014752
00600002000000000000000085800000000000396690005000000000008331
00600002000000000000000085810000000000950410005000000000019959
00600002000000000000000085820000000000694210005000000000014579
00600002000000000000000085830000000000537190005000000000011281
00600002000000000000000085840000000000148760005000000000003124
00600002000000000000000085850000000000570250005000000000011975
00600002000000000000000085860000000001239670005000000000026033
00600002000000000000000085870000000001239670005000000000026033
00600002000000000000000085880000000000330580005000000000006942
00600002000000000000000085890000000000289260005000000000006074
00600002000000000000000085900000000000371900005000000000007810
00600002000000000000000085910000000000661160005000000000013884
00600002000000000000000085920000000000661160005000000000013884
00600002000000000000000085930000000000479340005000000000010066
00600002000000000000000085940000000000413220005000000000008678
00600002000000000000000085950000000000404960005000000000008504
00600002000000000000000085960000000000289260005000000000006074
00600002000000000000000085970000000000330580005000000000006942
00600002000000000000000085980000000000801650005000000000016835
00600002000000000000000085990000000000528930005000000000011107
00600002000000000000000086000000000000644630005000000000013537
00600002000000000000000086010000000000785120005000000000016488
00600002000000000000000086020000000000537190005000000000011281
00600002000000000000000086030000000000247930005000000000005207
00600002000000000000000086040000000001462810005000000000030719
00600002000000000000000086070000000001776860005000000000037314
00600002000000000000000086080000000000206610005000000000004339
00600002000000000000000086090000000000082640005000000000001736
00600002000000000000000086100000000001322310005000000000027769
00600002000000000000000086110000000001652890005000000000034711
00600002000000000000000086120000000000289260005000000000006074
00600002000000000000000086130000000001033060005000000000021694
00600002000000000000000086140000000000371900005000000000007810
00600002000000000000000086150000000000818180005000000000017182
00600002000000000000000086160000000000702480005000000000014752
00600002000000000000000086170000000002644630005000000000055537
00600002000000000000000086180000000000413220005000000000008678
00600002000000000000000086190000000000888430005000000000018657
00600002000000000000000086200000000001280990005000000000026901
00600002000000000000000086210000000000404960005000000000008504
00600002000000000000000086220000000000322310005000000000006769
00600002000000000000000086230000000001454550005000000000030545
00600002000000000000000086240000000001280990005000000000026901
00600002000000000000000086250000000000743800005000000000015620
00600002000000000000000086260000000001570250005000000000032975
00600002000000000000000086270000000004132230005000000000086777
00600002000000000000000086280000000004132230005000000000086777
00600002000000000000000086290000000000413220005000000000008678
00600002000000000000000086300000000000123970005000000000002603
00600002000000000000000086310000000000433880005000000000009112
00600002000000000000000086320000000001210740005000000000025426
00600002000000000000000086330000000000082640005000000000001736
00600002000000000000000086340000000000123970005000000000002603
00600002000000000000000086350000000000371900005000000000007810
00600002000000000000000086360000000000396690005000000000008331
00600002000000000000000086370000000000396690005000000000008331
00600002000000000000000086380000000000413220005000000000008678
00600002000000000000000086390000000000396690005000000000008331
00600002000000000000000086400000000001280990005000000000026901
00600002000000000000000086410000000001280990005000000000026901
00600002000000000000000086420000000000433880005000000000009112
00600002000000000000000086430000000001157020005000000000024298
00600002000000000000000086440000000001900830005000000000039917
00600002000000000000000086450000000000677690005000000000014231
00600002000000000000000086460000000000743800005000000000015620
00600002000000000000000086470000000001652890005000000000034711
00600002000000000000000086480000000003636360005000000000076364
00600002000000000000000086490000000000818180005000000000017182
00600002000000000000000086500000000000743800005000000000015620
00600002000000000000000086510000000001570250005000000000032975
00600002000000000000000086520000000000516530005000000000010847
00600002000000000000000086530000000001033060005000000000021694
00600002000000000000000086540000000001074380005000000000022562
00600002000000000000000086550000000001198350005000000000025165
00600002000000000000000086560000000001057850005000000000022215
00600002000000000000000086570000000000247930005000000000005207
00600002000000000000000086580000000000454550005000000000009545
00600002000000000000000086590000000000454550005000000000009545
00600002000000000000000086600000000000570250005000000000011975
00600002000000000000000086610000000000371900005000000000007810
00600002000000000000000086620000000000785120005000000000016488
00600002000000000000000086630000000000702480005000000000014752
00600002000000000000000086640000000001280990005000000000026901
00600002000000000000000086650000000001033060005000000000021694
00600002000000000000000086660000000000206610005000000000004339
00600002000000000000000086670000000001652890005000000000034711
00600002000000000000000086680000000001033060005000000000021694
00600002000000000000000086690000000000396690005000000000008331
00600002000000000000000086700000000000413220005000000000008678
00600002000000000000000086710000000000900830005000000000018917
00600002000000000000000086720000000000371900005000000000007810
00600002000000000000000086730000000000371900005000000000007810
00600002000000000000000086740000000000396690005000000000008331
00600002000000000000000086750000000000371900005000000000007810
00600002000000000000000086760000000000954550005000000000020045
00600002000000000000000086770000000001190080005000000000024992
00600002000000000000000086780000000001012400005000000000021260
00600002000000000000000086790000000001033060005000000000021694
00600002000000000000000086800000000000330580005000000000006942
00600002000000000000000086810000000000702480005000000000014752
00600002000000000000000086820000000000371900005000000000007810
00600002000000000000000086830000000000404960005000000000008504
00600002000000000000000086840000000000991740005000000000020826
00600002000000000000000086850000000001198350005000000000025165
00600002000000000000000086860000000000694210005000000000014579
00600002000000000000000086870000000000371900005000000000007810
00600002000000000000000086880000000000330580005000000000006942
00600002000000000000000086890000000000818180005000000000017182
00600002000000000000000086900000000001280990005000000000026901
00600002000000000000000086910000000000578510005000000000012149
00600002000000000000000086920000000001694210005000000000035579
00600002000000000000000086930000000001669420005000000000035058
00600002000000000000000086940000000000867770005000000000018223
00600002000000000000000086950000000000330580005000000000006942
00600002000000000000000086960000000000371900005000000000007810
00600002000000000000000086970000000000487600005000000000010240
00600002000000000000000086980000000001033060005000000000021694
00600002000000000000000086990000000000247930005000000000005207
00600002000000000000000087000000000000570250005000000000011975
00600002000000000000000087010000000000371900005000000000007810
00600002000000000000000087020000000000735540005000000000015446
00600002000000000000000087030000000002148760005000000000045124
00600002000000000000000087040000000000330580005000000000006942
00600002000000000000000087050000000001157020005000000000024298
00600002000000000000000087060000000000702480005000000000014752
00600002000000000000000087070000000000322310005000000000006769
00600002000000000000000087080000000001066120005000000000022388
00600002000000000000000087090000000000247930005000000000005207
00600002000000000000000087100000000002892560005000000000060744
00600002000000000000000087110000000002975210005000000000062479
00600002000000000000000087120000000000421490005000000000008851
00600002000000000000000087130000000000371900005000000000007810
00600002000000000000000087140000000000991740005000000000020826
00600002000000000000000087150000000001603310005000000000033669
00600002000000000000000087160000000000396690005000000000008331
00600002000000000000000087170000000001652890005000000000034711
00600002000000000000000087180000000000603310005000000000012669
00600002000000000000000087190000000000371900005000000000007810
00600002000000000000000087200000000000206610005000000000004339
00600002000000000000000087210000000000082640005000000000001736
00600002000000000000000087220000000000305790005000000000006421
00600002000000000000000087230000000000537190005000000000011281
00600002000000000000000087240000000000516530005000000000010847
00600002000000000000000087250000000000198350005000000000004165
00600002000000000000000087260000000000719010005000000000015099
00600002000000000000000087270000000001008260005000000000021174
00600002000000000000000087280000000000867770005000000000018223
00600002000000000000000087290000000000520660005000000000010934
00600002000000000000000087300000000000578510005000000000012149
00600002000000000000000087310000000000495870005000000000010413
00600002000000000000000087320000000001487600005000000000031240
00600002000000000000000087330000000000404960005000000000008504
00600002000000000000000087340000000000743800005000000000015620
00600002000000000000000087350000000001611570005000000000033843
00600002000000000000000087360000000000578510005000000000012149
00600002000000000000000087370000000000206610005000000000004339
00600002000000000000000087380000000000289260005000000000006074
00600002000000000000000087390000000000479340005000000000010066
00600002000000000000000087400000000001033060005000000000021694
00600002000000000000000087410000000000702480005000000000014752
00600002000000000000000087420000000000194210005000000000004079
00600002000000000000000087430000000000413220005000000000008678
00600002000000000000000087440000000001223140005000000000025686
00600002000000000000000087450000000001570250005000000000032975
00600002000000000000000087460000000000190080005000000000003992
00600002000000000000000087470000000000330580005000000000006942
00600002000000000000000087480000000000272730005000000000005727
00600002000000000000000087490000000000297520005000000000006248
00600002000000000000000087500000000001033060005000000000021694
00600002000000000000000087510000000000867770005000000000018223
00600002000000000000000087520000000004132230005000000000086777
00600002000000000000000087530000000001033060005000000000021694
00600002000000000000000087540000000000297520005000000000006248
00600002000000000000000087550000000000371900005000000000007810
00600002000000000000000087560000000001148760005000000000024124
00600002000000000000000087570000000000309920005000000000006508
00600002000000000000000087580000000000578510005000000000012149
00600002000000000000000087590000000001446280005000000000030372
00600002000000000000000087600000000000053720005000000000001128
00600002000000000000000087610000000000404960005000000000008504
00600002000000000000000087620000000001314050005000000000027595
00600002000000000000000087630000000000371900005000000000007810
00600002000000000000000087640000000000107440005000000000002256
00600002000000000000000087650000000001115700005000000000023430
00600002000000000000000087660000000000785120005000000000016488
00600002000000000000000087670000000000330580005000000000006942
00600002000000000000000087680000000000330580005000000000006942
00600002000000000000000087690000000001033060005000000000021694
00600002000000000000000087700000000001735540005000000000036446
00600002000000000000000087710000000000818180005000000000017182
00600002000000000000000087720000000001024790005000000000021521
00600002000000000000000087730000000000289260005000000000006074
00600002000000000000000087740000000000351240005000000000007376
00600002000000000000000087750000000000371900005000000000007810
00600002000000000000000087760000000000396690005000000000008331
00600002000000000000000087770000000000289260005000000000006074
00600002000000000000000087780000000000289260005000000000006074
00600002000000000000000087790000000000322310005000000000006769
00600002000000000000000087800000000000322310005000000000006769
00600002000000000000000087810000000001033060005000000000021694
00600002000000000000000087820000000000371900005000000000007810
00600002000000000000000087830000000000330580005000000000006942
00600002000000000000000087840000000000702480005000000000014752
00600002000000000000000087850000000000024790005000000000000521
00600002000000000000000087860000000001280990005000000000026901
00600002000000000000000087870000000000404960005000000000008504
00600002000000000000000087880000000000371900005000000000007810
00600002000000000000000087890000000000396690005000000000008331
00600002000000000000000087900000000000578510005000000000012149
00600002000000000000000087910000000000537190005000000000011281
00600002000000000000000087930000000002727270005000000000057273
00600002000000000000000087920000000001198350005000000000025165
00600002000000000000000087940000000002289260005000000000048074
00600002000000000000000087950000000000487600005000000000010240
00600002000000000000000087960000000000338840005000000000007116
00600002000000000000000087970000000000702480005000000000014752
00600002000000000000000087980000000000950410005000000000019959
00600002000000000000000087990000000001099170005000000000023083
00600002000000000000000088000000000000322310005000000000006769
00600002000000000000000088010000000000661160005000000000013884
00600002000000000000000088020000000000330580005000000000006942
00600002000000000000000088030000000000867770005000000000018223
00600002000000000000000088040000000000942150005000000000019785
00600002000000000000000088050000000000805790005000000000016921
00600002000000000000000088060000000003140500005000000000065950
00600002000000000000000088070000000000326450005000000000006855
00600002000000000000000088080000000000247930005000000000005207
00600002000000000000000088090000000000743800005000000000015620
00600002000000000000000088100000000000570250005000000000011975
00600002000000000000000088110000000001140500005000000000023950
00600002000000000000000088120000000000206610005000000000004339
00600002000000000000000088130000000000206610005000000000004339
00600002000000000000000088140000000000685950005000000000014405
00600002000000000000000088150000000000851240005000000000017876
00600002000000000000000088160000000000797520005000000000016748
00600002000000000000000088170000000000433880005000000000009112
00600002000000000000000088180000000000735540005000000000015446
00600002000000000000000088190000000000404960005000000000008504
00600002000000000000000088200000000001322310005000000000027769
00600002000000000000000088210000000001710740005000000000035926
00600002000000000000000088220000000001768600005000000000037140
00600002000000000000000088230000000000702480005000000000014752
00600002000000000000000088240000000000371900005000000000007810
00600002000000000000000088250000000000809920005000000000017008
00600002000000000000000088260000000000528930005000000000011107
00600002000000000000000088270000000000206610005000000000004339
00600002000000000000000088280000000000198350005000000000004165
00600002000000000000000088290000000000743800005000000000015620
00600002000000000000000088300000000000330580005000000000006942
00600002000000000000000088310000000000322310005000000000006769
00600002000000000000000088320000000000785120005000000000016488
00600002000000000000000088330000000000537190005000000000011281
00600002000000000000000088340000000000495870005000000000010413
