011000010000000000000000063780000000000203154837600000000000000000003000000000000000
001000020000000000000000002580000000000203204564020000000078000000004000000000819000
011000010000000000000000000380000000000203304624780000000000000000003000000000000000
011000010000000000000000000380000000000273304619050000000000000000003000000000000000
011000010000000000000000000380000000000203022212950000000000000000003000000000000000
011000010000000000000000000380000000000233375681490000000000000000003000000000000000
001000010000000000000000006080000000000203063644220000000000000000003000000000000000
011000010000000000000000000980000000000272413845140000000000000000003000000000000000
001000020000000000000000002480000000000203204564020000000078000000004000000000819000
003000020000000000000000000580000000000203204564020000000078000000004000000000819000
