001010540000000000000071691880000000000305736520840000000001331670005000000000027965
001010540000000000000071688680000000000305736520840000000000768600005000000000016141
001010540000000000000081688380000000000305736520840000000000768600005000000000016141
001081020000000000001722142280000000000306394537980000000000201080006000000000005429
001081040000000000001716725780000000000306394537980000000000473010006000000000012771
001001010000000000000048491880000000000306906336350000000000362210005000000000007607
001001010000000000000048496180000000000306906336350000000000066820006000000000001804
001001010000000000000048747380000000000306906336350000000001454470006000000000039271
001001010000000000000048906080000000000306906336350000000000091110005000000000001913
001001010000000000000048442780000000000306906336350000000000047230006000000000001275
001001010000000000000049447580000000000306906336350000000002734240005000000000057419
001063640000000000000010716280000000000306781864460000000001994940006000000000053864
001063640000000001071621111180000000000306781864460000000000043100005000000000000905
001010270000000000000000804280000000000305011992530000000269030280006000000007263817
001010270000000000000000801080000000000305011992530000000064881230005000000001362506
001010270000000000000000800980000000000305011992530000000055642720006000000001502354
001000060000000000000002024980000000000335218175990000000008302580006000000000224170
001000060000000000000002017480000000000335218175990000000000294320005000000000006181
001000060000000000000001994580000000000335218175990000000000737690005000000000015492
001000060000000000000001867180000000000335218175990000000000548620005000000000011521
001000060000000000000001984080000000000335218175990000000000233480005000000000004903
001000060000000000000001953580000000000335218175990000000001598070005000000000033559
001000010000000000000000021180000000000307117402080000000012396690005000000000260331
001000010000000000000000021280000000000307117402080000000012396690005000000000260331
001000210000000000000012646680000000000305528161680000000073445010005000000001542345
001000210000000000000012646580000000000305528161680000000038541990005000000000809382
001000210000000000000012646480000000000305528161680000000052861640005000000001110095
001000070000000000000004767880000000000307000670210000000011941400005000000000250769
001000070000000000000004767980000000000307000670210000000021616620004000000000226975
003000210000000000000004352180000000000305528161680000000002145920005000000000045064
003000210000000000000004352280000000000305528161680000000001713290004000000000017989
001000720000000000000001857980000000000306027640320000000000823140005000000000017286
003000040000000000000001647780000000000306883720850000000007883540004000000000082777
003000040000000000000001704980000000000306883720850000000004407130005000000000092550
001000040000000000000001548680000000000306754074160000000039162810004000000000411209
001000050000000000000000490380000000000306754074160000000012096000005000000000254016
001000090000000000000040717280000000000307072971540000000025886270005000000000543612
001000090000000000000040533480000000000307072971540000000019976560005000000000419508
003000110000000000000003095580000000000307072971540000000000425820005000000000008942
001000050000000000000000163980000000000030658421900000000005100000005000000000107100
001000030000000000000003203080000000000336800218190000000012820160005000000000269223
001000030000000000000003211680000000000336800218190000000001284600005000000000026977
001000030000000000000003204980000000000336800218190000000002538820005000000000053315
001000030000000000000003215680000000000336800218190000000002541600005000000000053373
001002640000000000000012761880000000000305011111270000000576823230005000000012113288
001002640000000000000012761980000000000305011111270000000491151770005000000010314187
001002640000000000000012762080000000000305011111270000000072599700005000000001524594
001002640000000000000012763380000000000305011111270000000019688300005000000000413454
001002640000000000000012763480000000000305011111270000000012201210005000000000256225
003002640000000000000000141980000000000305011111270000000007764400005000000000163052
003002640000000000000000142080000000000305011111270000000004159500005000000000087350
003002640000000000000000142180000000000305011111270000000004159500005000000000087350
003002640000000000000000142680000000000305011111270000000003882200005000000000081526
003002640000000000000000142780000000000305011111270000000003882200005000000000081526
003002640000000000000000144080000000000305011111270000000008319010005000000000174699
001002640000000000000012807280000000000305011111270000000605321740005000000012711756
001002640000000000000012807380000000000305011111270000000511252830005000000010736309
001002640000000000000012805380000000000305011111270000000000831900005000000000017470
003002640000000000000000145480000000000305011111270000000011923900005000000000250402
001002640000000000000012839180000000000305011111270000000487721700005000000010242156
001002640000000000000012839280000000000305011111270000000319533020005000000006710193
001002640000000000000012842780000000000305011111270000000063906600005000000001342039
001002640000000000000012842880000000000305011111270000000071641920005000000001504480
001002640000000000000012843380000000000305011111270000000067759720005000000001422954
001002640000000000000012858780000000000305011111270000000063906600005000000001342039
001002640000000000000012858880000000000305011111270000000052696840005000000001106634
003002640000000000000000147280000000000305011111270000000008319010005000000000174699
003002640000000000000000147780000000000305011111270000000003882200005000000000081526
001000130000000000000017492080000000000305358963790000000016219980005000000000340619
001000230000000000000003224480000000000305358963790000000001828380005000000000038396
001005010000000000000015839480000000000305005308510000000077232300005000000001621878
001005010000000000000015918380000000000305005308510000000154464600005000000003243757
003005010000000000000006726880000000000305005308510000000037059880005000000000778257
001005010000000000000015954580000000000305005308510000000077232300005000000001621878
001000030000000000000000670080000000000307144693780000000011254170005000000000236338
001000050000000000000000165480000000000306077694150000000042377400005000000000889925
001000050000000000000000166580000000000306077694150000000008884800005000000000186581
003000050000000000000000010180000000000306077694150000000000788400005000000000016556
003000050000000000000000010280000000000306077694150000000000788400005000000000016556
001000230000000000000003328480000000000305560955970000000080238080005000000001685000
003000220000000000000011514980000000000305560955970000000004045240005000000000084950
003000210000000000000004352380000000000305560955970000000002981500005000000000062612
001000030000000000000000018680000000000232629364490000000037147240005000000000780092
001000710000000000000001958580000000000306446859060000000000248780005000000000005224
001000110000000000000001257980000000000305635165730000000001462810005000000000030719
001000110000000000000001264580000000000305635165730000000001471070005000000000030893
001000110000000000000001281780000000000305635165730000000004963640005000000000104236
001000110000000000000001265680000000000305635165730000000000857020005000000000017998
001000030000000000000000003480000000000307140844250000000009867510005000000000207218
001000030000000000000000005580000000000307140844250000000006799680005000000000142793
001002640000000000000012947780000000000305011111270000000076759210005000000001611943
001002640000000000000012948280000000000305011111270000001137326730005000000023883861
001002640000000000000012948380000000000305011111270000000511252830005000000010736309
001002640000000000000012950980000000000305011111270000000003327600005000000000069880
003002640000000000000000152480000000000305011111270000000032998720005000000000692973
