00600002000000000000000114900000000000735540005000000000015446
00600002000000000000000114910000000001314050005000000000027595
00600002000000000000000114920000000000413220005000000000008678
00600002000000000000000114930000000001553720005000000000032628
00600002000000000000000114940000000001024790005000000000021521
00600002000000000000000114950000000000413220005000000000008678
00600002000000000000000114960000000001239670005000000000026033
00600002000000000000000114970000000000785120005000000000016488
00600002000000000000000114980000000001380170005000000000028983
00600002000000000000000114990000000000826450005000000000017355
00600002000000000000000115000000000000826450005000000000017355
00600002000000000000000115020000000000950410005000000000019959
00600002000000000000000115030000000000975210005000000000020479
00600002000000000000000115040000000001818180005000000000038182
00600002000000000000000115050000000001223140005000000000025686
00600002000000000000000115060000000000735540005000000000015446
00600002000000000000000115070000000001024790005000000000021521
00600002000000000000000115080000000000487600005000000000010240
00600002000000000000000115090000000000392560005000000000008244
00600002000000000000000115100000000000049590005000000000001041
00600002000000000000000115110000000000206610005000000000004339
00600002000000000000000115120000000000619830005000000000013017
00600002000000000000000115130000000000198350005000000000004165
00600002000000000000000115140000000000619830005000000000013017
00600002000000000000000115150000000000396690005000000000008331
00600002000000000000000115160000000001033060005000000000021694
00600002000000000000000115170000000000396690005000000000008331
00600002000000000000000115180000000000371900005000000000007810
00600002000000000000000115190000000000330580005000000000006942
00600002000000000000000115200000000000867770005000000000018223
00600002000000000000000115210000000000404960005000000000008504
00600002000000000000000115220000000000321490005000000000006751
00600002000000000000000115230000000000000640005000000000000014
00600002000000000000000115240000000000991740005000000000020826
00600002000000000000000115250000000003173550005000000000066645
00600002000000000000000115260000000000413220005000000000008678
00600002000000000000000115270000000000537190005000000000011281
00600002000000000000000115280000000001024790005000000000021521
00600002000000000000000115290000000002111570005000000000044343
00600002000000000000000115300000000001553720005000000000032628
00600002000000000000000115310000000000413220005000000000008678
00600002000000000000000115320000000000818180005000000000017182
00600002000000000000000115330000000000206610005000000000004339
00600002000000000000000115340000000001033060005000000000021694
00600002000000000000000115350000000000818180005000000000017182
00600002000000000000000115360000000000289260005000000000006074
00600002000000000000000115370000000000991740005000000000020826
00600002000000000000000115380000000000818180005000000000017182
00600002000000000000000115390000000000322310005000000000006769
00600002000000000000000115400000000000619830005000000000013017
00600002000000000000000115410000000001983470005000000000041653
00600002000000000000000115420000000000438020005000000000009198
00600002000000000000000115430000000000289260005000000000006074
00600002000000000000000115440000000000702480005000000000014752
00600002000000000000000115450000000001549590005000000000032541
00600002000000000000000115460000000000396690005000000000008331
00600002000000000000000115470000000000735540005000000000015446
00600002000000000000000115480000000000644630005000000000013537
00600002000000000000000115490000000001204550005000000000025295
00600002000000000000000115500000000001024790005000000000021521
00600002000000000000000115510000000002438020005000000000051198
00600002000000000000000115520000000001809920005000000000038008
00600002000000000000000115530000000000495870005000000000010413
00600002000000000000000115540000000000909090005000000000019091
00600002000000000000000115550000000000330580005000000000006942
00600002000000000000000115560000000000495870005000000000010413
00600002000000000000000115570000000000652890005000000000013711
00600002000000000000000115580000000000206610005000000000004339
00600002000000000000000115590000000001272730005000000000026727
00600002000000000000000115600000000000900830005000000000018917
00600002000000000000000115610000000000322310005000000000006769
00600002000000000000000115620000000000619830005000000000013017
00600002000000000000000115630000000000371900005000000000007810
00600002000000000000000115640000000000818180005000000000017182
00600002000000000000000115650000000000652890005000000000013711
00600002000000000000000115660000000001066120005000000000022388
00600002000000000000000115670000000000735540005000000000015446
00600002000000000000000115680000000000371900005000000000007810
00600002000000000000000115690000000002479340005000000000052066
00600002000000000000000115700000000000206610005000000000004339
00600002000000000000000115710000000000495870005000000000010413
00600002000000000000000115720000000000289260005000000000006074
00600002000000000000000115730000000001578510005000000000033149
00600002000000000000000115740000000001611570005000000000033843
00600002000000000000000115750000000000661160005000000000013884
00600002000000000000000115760000000000516530005000000000010847
00600002000000000000000115770000000002665290005000000000055971
00600002000000000000000115780000000000330580005000000000006942
00600002000000000000000115790000000000735540005000000000015446
00600002000000000000000115800000000000165290005000000000003471
00600002000000000000000115810000000000165290005000000000003471
00600002000000000000000115820000000000392560005000000000008244
00600002000000000000000115830000000000644630005000000000013537
00600002000000000000000115840000000000652890005000000000013711
00600002000000000000000115850000000001024790005000000000021521
00600002000000000000000115860000000001354550005000000000028445
00600002000000000000000115870000000000652890005000000000013711
00600002000000000000000115880000000001363640005000000000028636
00600002000000000000000115890000000000818180005000000000017182
00600002000000000000000115900000000000247930005000000000005207
00600002000000000000000115910000000000735540005000000000015446
00600002000000000000000115920000000000487600005000000000010240
00600002000000000000000115930000000000289260005000000000006074
00600002000000000000000115940000000000322310005000000000006769
00600002000000000000000115950000000000925620005000000000019438
00600002000000000000000115960000000001074380005000000000022562
00600002000000000000000115970000000000818180005000000000017182
00600002000000000000000115980000000000714880005000000000015012
00600002000000000000000115990000000000322310005000000000006769
00600002000000000000000116000000000000392560005000000000008244
00600002000000000000000116010000000000516530005000000000010847
00600002000000000000000116020000000000661160005000000000013884
00600002000000000000000116030000000002376030005000000000049897
00600002000000000000000116040000000000950410005000000000019959
00600002000000000000000116050000000000867770005000000000018223
00600002000000000000000116060000000001198350005000000000025165
00600002000000000000000116070000000001033060005000000000021694
00600002000000000000000116080000000000206610005000000000004339
00600002000000000000000116090000000000909090005000000000019091
00600002000000000000000116100000000000842980005000000000017702
00600002000000000000000116110000000001033060005000000000021694
00600002000000000000000116120000000000818180005000000000017182
00600002000000000000000116130000000000735540005000000000015446
00600002000000000000000116140000000000371900005000000000007810
00600002000000000000000116150000000000867770005000000000018223
00600002000000000000000116160000000002479340005000000000052066
00600002000000000000000116170000000001471070005000000000030893
00600002000000000000000116180000000001157020005000000000024298
00600002000000000000000116190000000001157020005000000000024298
00600002000000000000000116200000000001280990005000000000026901
00600002000000000000000116210000000000454550005000000000009545
00600002000000000000000116220000000000289260005000000000006074
00600002000000000000000116230000000000702480005000000000014752
00600002000000000000000116240000000000371900005000000000007810
00600002000000000000000116250000000000396690005000000000008331
00600002000000000000000116260000000000735540005000000000015446
00600002000000000000000116270000000003181820005000000000066818
00600002000000000000000116280000000002033060005000000000042694
00600002000000000000000116290000000003347110005000000000070289
00600002000000000000000116300000000001847110005000000000038789
00100002000000000000000000760000000000289260005000000000006074
00600002000000000000000116310000000000330580005000000000006942
00600002000000000000000116320000000000516530005000000000010847
00600002000000000000000116330000000000611570005000000000012843
00600002000000000000000116340000000001570250005000000000032975
00600002000000000000000116350000000000909090005000000000019091
00600002000000000000000116360000000001033060005000000000021694
00600002000000000000000116370000000000371900005000000000007810
00600002000000000000000116380000000000462810005000000000009719
00600002000000000000000116390000000000950410005000000000019959
00600002000000000000000116400000000000433880005000000000009112
00600002000000000000000116410000000000289260005000000000006074
00600002000000000000000116420000000000487600005000000000010240
00600002000000000000000116430000000000677690005000000000014231
00600002000000000000000116440000000001148760005000000000024124
00600002000000000000000116450000000000652890005000000000013711
00600002000000000000000116460000000000392560005000000000008244
00600002000000000000000116470000000000818180005000000000017182
00600002000000000000000116480000000001157020005000000000024298
00600002000000000000000116490000000000776860005000000000016314
00600002000000000000000116500000000002314050005000000000048595
00600002000000000000000116510000000000735540005000000000015446
00600002000000000000000116520000000000867770005000000000018223
00600002000000000000000116530000000000272730005000000000005727
00600002000000000000000116540000000000487600005000000000010240
00600002000000000000000116550000000000371900005000000000007810
00600002000000000000000116560000000000785120005000000000016488
00600002000000000000000116570000000000392560005000000000008244
00600002000000000000000116580000000000495870005000000000010413
00600002000000000000000116590000000001487600005000000000031240
00600002000000000000000116600000000000495870005000000000010413
00600002000000000000000116610000000000392560005000000000008244
00600002000000000000000116620000000000082640005000000000001736
00600002000000000000000116630000000000454550005000000000009545
00600002000000000000000116640000000000619830005000000000013017
00600002000000000000000116650000000000818180005000000000017182
00600002000000000000000116660000000000433880005000000000009112
00600002000000000000000116670000000000119830005000000000002517
00600002000000000000000116680000000000454550005000000000009545
00600002000000000000000116690000000000392560005000000000008244
00600002000000000000000116700000000001053720005000000000022128
00600002000000000000000116710000000000632230005000000000013277
00600002000000000000000116720000000000185950005000000000003905
00600002000000000000000116730000000000578510005000000000012149
00600002000000000000000116740000000003760330005000000000078967
00600002000000000000000116770000000001595040005000000000033496
00600002000000000000000116780000000000165290005000000000003471
00600002000000000000000116790000000000454550005000000000009545
00600002000000000000000116800000000000495870005000000000010413
00600002000000000000000116810000000000309920005000000000006508
00600002000000000000000116830000000001074380005000000000022562
00600002000000000000000116840000000001471070005000000000030893
00600002000000000000000116850000000000789260005000000000016574
00600002000000000000000116860000000000392560005000000000008244
00600002000000000000000116870000000000198350005000000000004165
00600002000000000000000116880000000000371900005000000000007810
00600002000000000000000116890000000000619830005000000000013017
00600002000000000000000116900000000000619830005000000000013017
00600002000000000000000116910000000001471070005000000000030893
00600002000000000000000116920000000000797520005000000000016748
00600002000000000000000116930000000001735540005000000000036446
00600002000000000000000116940000000000599170005000000000012583
00600002000000000000000116950000000000599170005000000000012583
00600002000000000000000116960000000000392560005000000000008244
00600002000000000000000116970000000000743800005000000000015620
00600002000000000000000116980000000000847110005000000000017789
00600002000000000000000116990000000000322310005000000000006769
00600002000000000000000117000000000001363640005000000000028636
00600002000000000000000117010000000000826450005000000000017355
00600002000000000000000117020000000000619830005000000000013017
00600002000000000000000117030000000000289260005000000000006074
00600002000000000000000117040000000000404960005000000000008504
00600002000000000000000117050000000000289260005000000000006074
00600002000000000000000117060000000000247930005000000000005207
00600002000000000000000117070000000001053720005000000000022128
00600002000000000000000117080000000000975210005000000000020479
00600002000000000000000117090000000001239670005000000000026033
00600002000000000000000117100000000000867770005000000000018223
00600002000000000000000117110000000000082640005000000000001736
00600002000000000000000117120000000000371900005000000000007810
00600002000000000000000117130000000000735540005000000000015446
00600002000000000000000117140000000000247930005000000000005207
00600002000000000000000117150000000000322310005000000000006769
00600002000000000000000117160000000000322310005000000000006769
00600002000000000000000117170000000000818180005000000000017182
00600002000000000000000117180000000000392560005000000000008244
00600002000000000000000117190000000000652890005000000000013711
00600002000000000000000117200000000000487600005000000000010240
00600002000000000000000117210000000000479340005000000000010066
00600002000000000000000117220000000000322310005000000000006769
00600002000000000000000117230000000001388430005000000000029157
00600002000000000000000117240000000000322310005000000000006769
00600002000000000000000117250000000000371900005000000000007810
00600002000000000000000117260000000000371900005000000000007810
00600002000000000000000117270000000000652890005000000000013711
00600002000000000000000117280000000001636360005000000000034364
00600002000000000000000117290000000000768600005000000000016140
00600002000000000000000117300000000000785120005000000000016488
00600002000000000000000117310000000000826450005000000000017355
00600002000000000000000117320000000000950410005000000000019959
00600002000000000000000117330000000000206610005000000000004339
00600002000000000000000117340000000000371900005000000000007810
00600002000000000000000117350000000000950410005000000000019959
00600002000000000000000117360000000000619830005000000000013017
00600002000000000000000117370000000000867770005000000000018223
00600002000000000000000117380000000001066120005000000000022388
00600002000000000000000117390000000000723140005000000000015186
00600002000000000000000117400000000000289260005000000000006074
00600002000000000000000117410000000000206610005000000000004339
00600002000000000000000117420000000000619830005000000000013017
00600002000000000000000117430000000000487600005000000000010240
00600002000000000000000117440000000000247930005000000000005207
00600002000000000000000117450000000000735540005000000000015446
00600002000000000000000117460000000000735540005000000000015446
00600002000000000000000117470000000000520660005000000000010934
00600002000000000000000117480000000000413220005000000000008678
00600002000000000000000117490000000001347110005000000000028289
00600002000000000000000117500000000001355370005000000000028463
00600002000000000000000117510000000000289260005000000000006074
00600002000000000000000117520000000001471070005000000000030893
00600002000000000000000117530000000000404960005000000000008504
00600002000000000000000117540000000000983470005000000000020653
00600002000000000000000117550000000000388430005000000000008157
00600002000000000000000117560000000002066120005000000000043388
00600002000000000000000117570000000000206610005000000000004339
00600002000000000000000117580000000000842980005000000000017702
00600002000000000000000117590000000002107440005000000000044256
00600002000000000000000117600000000001033060005000000000021694
00600002000000000000000117610000000000818180005000000000017182
00600002000000000000000117620000000000272730005000000000005727
00600002000000000000000117630000000000103310005000000000002169
00600002000000000000000117640000000003338840005000000000070116
00600002000000000000000117650000000001644630005000000000034537
00600002000000000000000117660000000001590910005000000000033409
00600002000000000000000117670000000000900830005000000000018917
00600002000000000000000117680000000000909090005000000000019091
00600002000000000000000117690000000000454550005000000000009545
00600002000000000000000117700000000000991740005000000000020826
00600002000000000000000117710000000000247930005000000000005207
00600002000000000000000117720000000000371900005000000000007810
00600002000000000000000117730000000000735540005000000000015446
00600002000000000000000117740000000000322310005000000000006769
00600002000000000000000117750000000001409090005000000000029591
00600002000000000000000117760000000001140500005000000000023950
00600002000000000000000117770000000000206610005000000000004339
00600002000000000000000117780000000000743800005000000000015620
00600002000000000000000117790000000000537190005000000000011281
00600002000000000000000117800000000001033060005000000000021694
00600002000000000000000117810000000000371900005000000000007810
00600002000000000000000117820000000001570250005000000000032975
00600002000000000000000117830000000000818180005000000000017182
00600002000000000000000117840000000001198350005000000000025165
00600002000000000000000117850000000001012400005000000000021260
00600002000000000000000117860000000001900830005000000000039917
00600002000000000000000117870000000000966940005000000000020306
00600002000000000000000117880000000000958680005000000000020132
00600002000000000000000117890000000000975210005000000000020479
00600002000000000000000117900000000000702480005000000000014752
00600002000000000000000117910000000001107440005000000000023256
00600002000000000000000117920000000000785120005000000000016488
00600002000000000000000117930000000000785120005000000000016488
00600002000000000000000117940000000000206610005000000000004339
00600002000000000000000117950000000000619830005000000000013017
00600002000000000000000117960000000000735540005000000000015446
00600002000000000000000117970000000000785120005000000000016488
00600002000000000000000117980000000000392560005000000000008244
00600002000000000000000117990000000000900830005000000000018917
00600002000000000000000118000000000000681820005000000000014318
00600002000000000000000118010000000000735540005000000000015446
00600002000000000000000118020000000000619830005000000000013017
00600002000000000000000118030000000000652890005000000000013711
00600002000000000000000118040000000000702480005000000000014752
00600002000000000000000118050000000000735540005000000000015446
00600002000000000000000118060000000000206610005000000000004339
00600002000000000000000118070000000000206610005000000000004339
00600002000000000000000118080000000000371900005000000000007810
00600002000000000000000118090000000001198350005000000000025165
00600002000000000000000118100000000001239670005000000000026033
00600002000000000000000118110000000000487600005000000000010240
00600002000000000000000118120000000000082640005000000000001736
00600002000000000000000118130000000000454550005000000000009545
00600002000000000000000118140000000000681820005000000000014318
00600002000000000000000118150000000000322310005000000000006769
00600002000000000000000118160000000000165290005000000000003471
00600002000000000000000118170000000000818180005000000000017182
00600002000000000000000118180000000000454550005000000000009545
00600002000000000000000118190000000000371900005000000000007810
00600002000000000000000118200000000000454550005000000000009545
00600002000000000000000118210000000001136360005000000000023864
00600002000000000000000118220000000000797520005000000000016748
00600002000000000000000118230000000000933880005000000000019612
00600002000000000000000118240000000001214880005000000000025512
00600002000000000000000118250000000000909090005000000000019091
00600002000000000000000118260000000000723140005000000000015186
00600002000000000000000118270000000001235540005000000000025946
00600002000000000000000118280000000001045450005000000000021955
00600002000000000000000118290000000000942150005000000000019785
00600002000000000000000118300000000001115700005000000000023430
00600002000000000000000118310000000001177690005000000000024731
00600002000000000000000118320000000000657020005000000000013798
00600002000000000000000118330000000001173550005000000000024645
00600002000000000000000118340000000000785120005000000000016488
00600002000000000000000118350000000001057850005000000000022215
00600002000000000000000118360000000000797520005000000000016748
00600002000000000000000118370000000000396690005000000000008331
00600002000000000000000118380000000000123970005000000000002603
00600002000000000000000118390000000000371900005000000000007810
00600002000000000000000118400000000000900830005000000000018917
00600002000000000000000118410000000000454550005000000000009545
00600002000000000000000118420000000001239670005000000000026033
00600002000000000000000118430000000000289260005000000000006074
00600002000000000000000118440000000000652890005000000000013711
00600002000000000000000118450000000000289260005000000000006074
00600002000000000000000118460000000000537190005000000000011281
00600002000000000000000118470000000001074380005000000000022562
00600002000000000000000118480000000001053720005000000000022128
00600002000000000000000118490000000000975210005000000000020479
00600002000000000000000118500000000000785120005000000000016488
00600002000000000000000118510000000001280990005000000000026901
00600002000000000000000118520000000000735540005000000000015446
00600002000000000000000118530000000000735540005000000000015446
00600002000000000000000118540000000000818180005000000000017182
00600002000000000000000118550000000001272730005000000000026727
00600002000000000000000118560000000000652890005000000000013711
00600002000000000000000118570000000001231400005000000000025860
00600002000000000000000118580000000000198350005000000000004165
00600002000000000000000118590000000000454550005000000000009545
00600002000000000000000118600000000000322310005000000000006769
00600002000000000000000118610000000000925620005000000000019438
00600002000000000000000118620000000004016530005000000000084347
00600002000000000000000118630000000003595040005000000000075496
00600002000000000000000118640000000003719010005000000000078099
00600002000000000000000118650000000003776860005000000000079314
00600002000000000000000118660000000003987600005000000000083740
00600002000000000000000118670000000002247930005000000000047207
00600002000000000000000118680000000004107440005000000000086256
00600002000000000000000118690000000000322310005000000000006769
00600002000000000000000118700000000000735540005000000000015446
00600002000000000000000118710000000004132230005000000000086777
00600002000000000000000118720000000000735540005000000000015446
00600002000000000000000118730000000001396690005000000000029331
00100002000000000000000000770000000004896690005000000000102831
00600002000000000000000118740000000000950410005000000000019959
00600002000000000000000118750000000000404960005000000000008504
00600002000000000000000118760000000001190080005000000000024992
00600002000000000000000118770000000000165290005000000000003471
00600002000000000000000118780000000000785120005000000000016488
00600002000000000000000118790000000001033060005000000000021694
00600002000000000000000118800000000000661160005000000000013884
00600002000000000000000118810000000000454550005000000000009545
00600002000000000000000118820000000000347110005000000000007289
00600002000000000000000118830000000001322310005000000000027769
00600002000000000000000118840000000000735540005000000000015446
00600002000000000000000118850000000000785120005000000000016488
00600002000000000000000118860000000000702480005000000000014752
00600002000000000000000118870000000000818180005000000000017182
00600002000000000000000118880000000000702480005000000000014752
00600002000000000000000118890000000000520660005000000000010934
00600002000000000000000118900000000000743800005000000000015620
00600002000000000000000118910000000001033060005000000000021694
00600002000000000000000118920000000001295040005000000000027196
00600002000000000000000118930000000001295040005000000000027196
00600002000000000000000118940000000000322310005000000000006769
00600002000000000000000118950000000000198350005000000000004165
00600002000000000000000118960000000000735540005000000000015446
00600002000000000000000118970000000000247930005000000000005207
00600002000000000000000118980000000000413220005000000000008678
00600002000000000000000118990000000000735540005000000000015446
00600002000000000000000119000000000000570250005000000000011975
00600002000000000000000119010000000000652890005000000000013711
00600002000000000000000119020000000001479340005000000000031066
00600002000000000000000119030000000001033060005000000000021694
00600002000000000000000119040000000000392560005000000000008244
00600002000000000000000119050000000000743800005000000000015620
00600002000000000000000119060000000000991740005000000000020826
00600002000000000000000119070000000000842980005000000000017702
00600002000000000000000119080000000000652890005000000000013711
00600002000000000000000119090000000000578510005000000000012149
00600002000000000000000119100000000000826450005000000000017355
00600002000000000000000119110000000000082640005000000000001736
00600002000000000000000119120000000000487600005000000000010240
00600002000000000000000119130000000001818180005000000000038182
00600002000000000000000119140000000003471070005000000000072893
00600002000000000000000119150000000000537190005000000000011281
00600002000000000000000119160000000000330580005000000000006942
00600002000000000000000119170000000000619830005000000000013017
00600002000000000000000119180000000000681820005000000000014318
00600002000000000000000119190000000000289260005000000000006074
00600002000000000000000119200000000001239670005000000000026033
00600002000000000000000119210000000000322310005000000000006769
00600002000000000000000119220000000000487600005000000000010240
00600002000000000000000119230000000000702480005000000000014752
00600002000000000000000119240000000000454550005000000000009545
00600002000000000000000119250000000001495870005000000000031413
00600002000000000000000119260000000000371900005000000000007810
00600002000000000000000119270000000000371900005000000000007810
00600002000000000000000119280000000000165290005000000000003471
00600002000000000000000119290000000000165290005000000000003471
00600002000000000000000119300000000000793390005000000000016661
00600002000000000000000119310000000000206610005000000000004339
00600002000000000000000119320000000000123970005000000000002603
00600002000000000000000119330000000001012400005000000000021260
00600002000000000000000119340000000000404960005000000000008504
00600002000000000000000119350000000000619830005000000000013017
00600002000000000000000119360000000001392560005000000000029244
00600002000000000000000119370000000000520660005000000000010934
00600002000000000000000119380000000001053720005000000000022128
00600002000000000000000119390000000002231400005000000000046860
00600002000000000000000119400000000000735540005000000000015446
00600002000000000000000119410000000000735540005000000000015446
00600002000000000000000119420000000000454550005000000000009545
00600002000000000000000119430000000000818180005000000000017182
00600002000000000000000119440000000000818180005000000000017182
00600002000000000000000119450000000000983470005000000000020653
00600002000000000000000119460000000000330580005000000000006942
00600002000000000000000119470000000000950410005000000000019959
00600002000000000000000119480000000000776860005000000000016314
00600002000000000000000119490000000000322310005000000000006769
00600002000000000000000119500000000000495870005000000000010413
00600002000000000000000119510000000000735540005000000000015446
00600002000000000000000119520000000000867770005000000000018223
00600002000000000000000119530000000001239670005000000000026033
00600002000000000000000119540000000000702480005000000000014752
00600002000000000000000119550000000001933880005000000000040612
00600002000000000000000119560000000002636360005000000000055364
00600002000000000000000119570000000000652890005000000000013711
00600002000000000000000119580000000002016530005000000000042347
00600002000000000000000119590000000001396690005000000000029331
00600002000000000000000119600000000001859500005000000000039050
00600002000000000000000119610000000001776860005000000000037314
00600002000000000000000119620000000002272730005000000000047727
00600002000000000000000119630000000004041320005000000000084868
00600002000000000000000119640000000003450410005000000000072459
00600002000000000000000119650000000000735540005000000000015446
00600002000000000000000119660000000000371900005000000000007810
00600002000000000000000119670000000000082640005000000000001736
00600002000000000000000119680000000000247930005000000000005207
00600002000000000000000119690000000000247930005000000000005207
00600002000000000000000119700000000000495870005000000000010413
00600002000000000000000119710000000001033060005000000000021694
00600002000000000000000119720000000001148760005000000000024124
00600002000000000000000119730000000001677690005000000000035231
00600002000000000000000119740000000000537190005000000000011281
00600002000000000000000119760000000003760330005000000000078967
00600002000000000000000119770000000000942150005000000000019785
00600002000000000000000119780000000001033060005000000000021694
00600002000000000000000119790000000000818180005000000000017182
00600002000000000000000119800000000000735540005000000000015446
00600002000000000000000119810000000001305790005000000000027421
00600002000000000000000119820000000003719010005000000000078099
00600002000000000000000119830000000000950410005000000000019959
00600002000000000000000119840000000000859500005000000000018050
00600002000000000000000119850000000000148760005000000000003124
00600002000000000000000119860000000000735540005000000000015446
00600002000000000000000119870000000000413220005000000000008678
00600002000000000000000119880000000001280990005000000000026901
00600002000000000000000119900000000000371900005000000000007810
00600002000000000000000119910000000000396690005000000000008331
00600002000000000000000119920000000000413220005000000000008678
00600002000000000000000119930000000000371900005000000000007810
00600002000000000000000119940000000000454550005000000000009545
00600002000000000000000119950000000001280990005000000000026901
00600002000000000000000119960000000002479340005000000000052066
00600002000000000000000119970000000000880170005000000000018483
00600002000000000000000119980000000000487600005000000000010240
00600002000000000000000119990000000000371900005000000000007810
00600002000000000000000120000000000000495870005000000000010413
00600002000000000000000120010000000000239670005000000000005033
00600002000000000000000120020000000000979340005000000000020566
00600002000000000000000120030000000001082640005000000000022736
00600002000000000000000120040000000000214880005000000000004512
00600002000000000000000120050000000000859500005000000000018050
00600002000000000000000120060000000000735540005000000000015446
00600002000000000000000120070000000000818180005000000000017182
00600002000000000000000120080000000000867770005000000000018223
00600002000000000000000120090000000003942150005000000000082785
00600002000000000000000120100000000000330580005000000000006942
00600002000000000000000120110000000001603310005000000000033669
00600002000000000000000120120000000000652890005000000000013711
00600002000000000000000120130000000000735540005000000000015446
00600002000000000000000120140000000002314050005000000000048595
00600002000000000000000120150000000000396690005000000000008331
00600002000000000000000120160000000000785120005000000000016488
00600002000000000000000120170000000000619830005000000000013017
00600002000000000000000120180000000000371900005000000000007810
00600002000000000000000120190000000000735540005000000000015446
00600002000000000000000120210000000000206610005000000000004339
00600002000000000000000120220000000001305790005000000000027421
00600002000000000000000120230000000001570250005000000000032975
00600002000000000000000120240000000000570250005000000000011975
00600002000000000000000120250000000001355370005000000000028463
00600002000000000000000120260000000000487600005000000000010240
00600002000000000000000120270000000000785120005000000000016488
00600002000000000000000120280000000003181820005000000000066818
