00600002000000000000000001550000000013801650005000000000289835
00600002000000000000000001560000000004380170005000000000091983
00100002000000000000000000150000000005300000005000000000111300
00100002000000000000000000160000000135700000005000000002849700
00600002000000000000000001570000000005832230005000000000122477
00300002000000000000000000020000000005300000005000000000111300
00300002000000000000000000030000000135700000005000000002849700
00300002000000000000000000040000000135700000005000000002849700
00100002000000000000000000170000000004380170005000000000091983
00100002000000000000000000180000000135700000005000000002849700
00100002000000000000000000190000000112148760005000000002355124
00600002000000000000000001580000000007050410005000000000148059
