00600005000000000000000000090000000002968600005000000000062340
00600005000000000000000000100000000002968600005000000000062340
00100004000000000000000004600000000000206620005000000000004339
00100004000000000000000004610000000000046280005000000000000972
00100004000000000000000004620000000000139240005000000000002924
00100004000000000000000004630000000000107440005000000000002256
00100004000000000000000004640000000000326450005000000000006855
00600004000000000000000001340000000000887500005000000000018638
00100004000000000000000004650000000000099200005000000000002083
00100004000000000000000004660000000000336360005000000000007064
00100004000000000000000004670000000000064460005000000000001354
00100004000000000000000004680000000000099170005000000000002083
00100004000000000000000004690000000000328930005000000000006907
00100004000000000000000004700000000000117350005000000000002464
00600004000000000000000001350000000000115700005000000000002430
00600004000000000000000001360000000000205790005000000000004321
00100004000000000000000004710000000000035670005000000000000749
00100004000000000000000004720000000000005200005000000000000109
00100004000000000000000004730000000000070250005000000000001475
00100004000000000000000004740000000000082650005000000000001736
00100004000000000000000004750000000000082640005000000000001735
00100004000000000000000004760000000000068600005000000000001441
00600004000000000000000001370000000000009920005000000000000208
00100004000000000000000004770000000000069430005000000000001458
00100004000000000000000004780000000000561990005000000000011802
00100004000000000000000004790000000000433470005000000000009103
00100004000000000000000004800000000000045450005000000000000954
00100004000000000000000004810000000000238950005000000000005018
00100004000000000000000004820000000000279360005000000000005866
00100004000000000000000004830000000000148790005000000000003124
00100004000000000000000004840000000000289260005000000000006074
00600004000000000000000001380000000000669420005000000000014058
00600004000000000000000001390000000000039670005000000000000833
00100004000000000000000004850000000000192500005000000000004042
00100004000000000000000004860000000000115700005000000000002430
00600004000000000000000001400000000000239670005000000000005033
00600004000000000000000001410000000000029750005000000000000625
00600004000000000000000001420000000000063640005000000000001336
00100004000000000000000004870000000000062810005000000000001319
00100004000000000000000004880000000000163640005000000000003436
00100004000000000000000004890000000000024790005000000000000521
00600004000000000000000001430000000000165290005000000000003471
00100004000000000000000004900000000000124000005000000000002604
00100004000000000000000004910000000000044630005000000000000937
00600004000000000000000001440000000000553720005000000000011628
00100004000000000000000004920000000000277790005000000000005834
00100004000000000000000004930000000000088430005000000000001857
00100004000000000000000004940000000000033060005000000000000694
00600004000000000000000001450000000000211650005000000000004445
00600004000000000000000001460000000000136360005000000000002864
00100004000000000000000004950000000000297510005000000000006248
00100004000000000000000004960000000000243810005000000000005120
00600004000000000000000001470000000001652890005000000000034711
00600004000000000000000001480000000000095870005000000000002013
00100004000000000000000004970000000000062800005000000000001319
00100004000000000000000004980000000000138020005000000000002898
00600004000000000000000001490000000000319010005000000000006699
00100004000000000000000004990000000000074380005000000000001562
00100004000000000000000005000000000000038850005000000000000816
00100004000000000000000005010000000000066120005000000000001389
00600004000000000000000001500000000005309920005000000000111508
00600004000000000000000001510000000000049590005000000000001041
00100004000000000000000005020000000000057850005000000000001215
00100004000000000000000005030000000000072730005000000000001527
00100004000000000000000005040000000041219000005000000000865599
00100004000000000000000005050000000000076030005000000000001597
00600004000000000000000001520000000000290910005000000000006109
00100004000000000000000005060000000000025620005000000000000538
00100004000000000000000005070000000000132400005000000000002780
00600004000000000000000001530000000000122310005000000000002569
00600004000000000000000001540000000000434210005000000000009119
00100004000000000000000005080000000000072230005000000000001517
00600004000000000000000001550000000000099170005000000000002083
00100004000000000000000005090000000000056200005000000000001180
00100004000000000000000005100000000000168590005000000000003540
00100004000000000000000005110000000000059490005000000000001249
00600004000000000000000001560000000000144630005000000000003037
00600004000000000000000001570000000000090910005000000000001909
00600004000000000000000001580000000000038020005000000000000798
00100004000000000000000005120000000000132230005000000000002777
00100004000000000000000005130000000000039680005000000000000833
00100004000000000000000005140000000000198350005000000000004165
00100004000000000000000005150000000000117360005000000000002465
00100004000000000000000005160000000000115700005000000000002430
00100004000000000000000005170000000000103310005000000000002170
00600004000000000000000001590000000000117360005000000000002464
00600004000000000000000001600000000000114880005000000000002412
00100004000000000000000005180000000000077680005000000000001631
00100004000000000000000005190000000041202480005000000000865252
00600004000000000000000001610000000000095040005000000000001996
00600004000000000000000001620000000000158680005000000000003332
00100004000000000000000005200000000000086780005000000000001822
00100004000000000000000005210000000000049600005000000000001042
00100004000000000000000005220000000000034710005000000000000729
00100004000000000000000005230000000000147110005000000000003089
00600004000000000000000001630000000000580160005000000000012183
00600004000000000000000001640000000000049590005000000000001041
00100004000000000000000005240000000000056200005000000000001180
00100004000000000000000005250000000000167030005000000000003508
00100004000000000000000005260000000000082640005000000000001735
00100004000000000000000005270000000000280160005000000000005883
00100004000000000000000005280000000000023970005000000000000503
00100004000000000000000005290000000000107440005000000000002256
00100004000000000000000005300000000000057850005000000000001215
00600004000000000000000001650000000000086780005000000000001822
00600001000000000000000011390000000003516780005000000000073852
00600001000000000000000011400000000001738850005000000000036516
00600001000000000000000011410000000003490080005000000000073292
00600001000000000000000011420000000002033880005000000000042712
00600001000000000000000011430000000004044640005000000000084938
00600001000000000000000011440000000001123140005000000000023586
00600001000000000000000011450000000001927270005000000000040473
00600001000000000000000011460000000002423970005000000000050903
00600001000000000000000011470000000002347930005000000000049307
00600001000000000000000011480000000002608260005000000000054774
00600001000000000000000011490000000002602480005000000000054652
00600001000000000000000011500000000003562430005000000000074811
00600001000000000000000011510000000000452070005000000000009494
00600001000000000000000011520000000000981820005000000000020618
00600001000000000000000011530000000002930580005000000000061542
00600001000000000000000011540000000002086310005000000000043812
00600001000000000000000011550000000001911570005000000000040143
00600001000000000000000011560000000002860170005000000000060064
00600001000000000000000011570000000003561170005000000000074785
00600001000000000000000011580000000000563640005000000000011836
00600001000000000000000011590000000001302070005000000000027344
00600001000000000000000011600000000001783470005000000000037453
00600001000000000000000011610000000002519860005000000000052917
00600001000000000000000011620000000001797530005000000000037748
00600001000000000000000011630000000000419020005000000000008799
00600001000000000000000011640000000001900830005000000000039917
00600001000000000000000011650000000000767770005000000000016123
00600001000000000000000011660000000001173550005000000000024645
00600001000000000000000011670000000001916530005000000000040247
00600001000000000000000011680000000001503310005000000000031569
00600001000000000000000011690000000003080170005000000000064683
