001000050000000000000000005280000000000307105514600000000009019910004000000000094709
001000100000000000000000002780000000000201339221810000000016511570005000000000346743
001000030000000000000000014080000000000202797439470000000007100450004000000000074555
001000030000000000000000014280000000000202797439470000000002316740004000000000024326
001000020000000000000000000180000000000307152270680000000191973300005000000004031439
001000010000000000000000001380000000000307152270680000000055931000005000000001174551
001000010000000000000002436280000000000305000594900000000001620750005000000000034036
001000030000000000000015083180000000000305189193490000000004211930005000000000088451
001000030000000000000015083080000000000305189193490000000002155970005000000000045275
001000030000000000000015082980000000000305189193490000000004211930005000000000088451
001000040000000000000056972780000000000305189193490000000002112200005000000000044356
001000040000000000000056972680000000000305189193490000000000350000005000000000007350
001000430000000000000002139380000000000307087253460000000004477660005000000000094031
001000430000000000000002145780000000000307087253460000000008081870005000000000169719
001000430000000000000002147380000000000307087253460000000010310030005000000000216511
001000430000000000000002143180000000000307087253460000000084927160005000000001783470
001000430000000000000002139480000000000307087253460000000002320440005000000000048729
001001190000000000000001265080000000000305597150810000000061200190005000000001285204
001000020000000000000002076780000000000307116628860000000000822310005000000000017268
001000050000000000000004074980000000000305812090760000000000158720005000000000003333
001000040000000000000000009780000000000200817762540000000004318130005000000000090681
001000020000000000000000019080000000000279280716640000000000293440005000000000006162
001000020000000000000000019180000000000279280716640000000000115700005000000000002430
001000030000000000000000077380000000000307105374840000000000169430005000000000003558
001000030000000000000000072080000000000307105374840000000000219010005000000000004599
001000120000000000000000064480000000000306813303010000000002873360005000000000060341
001000120000000000000000065780000000000306813303010000000000086020005000000000001806
001000120000000000000000086980000000000306813303010000000001033970005000000000021713
001000120000000000000003755080000000000306813303010000000000989410005000000000020778
001000130000000000000000651280000000000306812337480000000000113840005000000000002391
001000080000000000000001826980000000000306383030150000000000202630005000000000004255
001000190000000000000000238480000000000307084636000000000090407260004000000000949276
001000070000000000000002643780000000000307000670210000000001516720005000000000031851
001016880000000000000000170380000000000305400882130000000014444760005000000000303340
001000010000000000000000017380000000000202268509700000000300000000005000000006300000
001000100000000000000002899980000000000305946927440000000000466060005000000000009787
001000120000000000000004231180000000000305946927440000000000309380005000000000006497
001000100000000000000002908380000000000305946927440000000000160690005000000000003374
001000100000000000000002913480000000000305946927440000000000946830005000000000019883
001000120000000000000004266780000000000305946927440000000000467270005000000000009813
001000120000000000000004282480000000000305946927440000000000186120005000000000003909
001000120000000000000004291380000000000305946927440000000002486920005000000000052225
001000120000000000000004294980000000000305946927440000000000467270005000000000009813
001000120000000000000004302080000000000305946927440000000000868550005000000000018240
001000120000000000000004301980000000000305946927440000000000130850005000000000002748
001000150000000000000000049580000000000305946927440000000000526730005000000000011061
001000120000000000000004317480000000000305946927440000000000467270005000000000009813
001013480000000000000000127180000000000306129294550000000000221350005000000000004648
001013480000000000001111127180000000000306129294550000000000315670004000000000003315
001013570000000000000000260080000000000306129294550000000000273610004000000000002873
001013610000000000000000324680000000000306129294550000000000374800005000000000007871
001013610000000001111111324680000000000306129294550000000000259590004000000000002726
001058210000000000000000035680000000000307087729640000000000197270005000000000004143
001058240000000000000000136180000000000307087729640000000000204870005000000000004302
001058240000000000111111136180000000000307087729640000000000012290004000000000000129
001000030000000000000000496480000000000307106622620000000000964460005000000000020254
001000030000000000000000500680000000000307106622620000000002369420005000000000049758
001000080000000000000000866780000000000307000616000000000001816530005000000000038147
001000030000000000000007745780000000000307097975450000000000167420004000000000001758
001000010000000000000000188780000000000307104653190000000004092540005000000000085943
001000010000000000000198612780000000000307110202640000000000000000003000000000000000
001000010000000000002016090180000000000305000100840000000000480000005000000000010080
001000010000000000002016090280000000000305000100840000000000430000005000000000009030
001000010000000000000201609080000000000305000100840000000000182750004000000000001919
001000010000000000002016090480000000000305000017350000000000722000005000000000015162
001000010000000000002016090580000000000305000017350000000000185370004000000000001946
001000100000000000000000001480000000000307147786480000000003016520005000000000063347
001000010000000000000000001580000000000307152270680000000066851690005000000001403886
001000070000000000000000153180000000000201108151590000000342650590005000000007195662
001000200000000000000006143080000000000336112266890000000000133640005000000000002806
001018730000000000000001521180000000000305903607630000000000151740005000000000003186
001000040000000000000000692680000000000307112698310000000003039670005000000000063833
001000430000000000000002177680000000000307087253460000000008079480005000000000169669
001000010000000000000000032380000000000202823323030000000000619010005000000000012999
001061830000000000000000161480000000000306439221570000000000355370005000000000007463
