001000010000000000002016070180000000000305000100840000000000430000005000000000009030
001000010000000000002016070280000000000305000100840000000000002970004000000000000031
001000100000000000000000000180000000000231857807590000000030991740005000000000650826
001031300000000000000003150180000000000306630058430000000003283070005000000000068944
001031300000000001111113150180000000000306630058430000000000023100004000000000000243
001031300000000000000003575380000000000306630058430000000001463490005000000000030733
001031300000000000000003575580000000000306630058430000000002347430005000000000049296
001031300000000000000002654080000000000306630058430000000000908450005000000000019077
001031300000000000000002655180000000000306630058430000000000892550005000000000018744
001031300000000000000002654280000000000306630058430000000001572400005000000000033020
001031300000000001111112654280000000000306630058430000000000026400004000000000000277
001031300000000000000002654180000000000306630058430000000001558980005000000000032739
001002420000000000000007722180000000000305016012130000000001511500005000000000031742
001000140000000000000009561480000000000305514942800000000000711560005000000000014943
001000140000000000000009617480000000000305514942800000000000840910005000000000017659
001001010000000000000030048480000000000306906336350000000003141990006000000000084834
001033950000000000000003660280000000000306787744950000000000189800005000000000003986
001000060000000000000001528580000000000306906710570000000000650420005000000000013659
001000060000000000000001528680000000000306906710570000000000650420005000000000013659
001000060000000000000001543280000000000306906710570000000000650420005000000000013659
001000060000000000000001543380000000000306906710570000000000650420005000000000013659
001000060000000000000001549780000000000306906710570000000000650420005000000000013659
001000060000000000000001549880000000000306906710570000000000650420005000000000013659
001000060000000000000001557580000000000306906710570000000000650420005000000000013659
001000060000000000000001557680000000000306906710570000000000650420005000000000013659
001000060000000000000001560380000000000306906710570000000000650420005000000000013659
001000060000000000000001560480000000000306906710570000000000650420005000000000013659
001000060000000000000001566780000000000306906710570000000000650420005000000000013659
001000060000000000000001566880000000000306906710570000000000650420005000000000013659
001000060000000000000001571480000000000306906710570000000000650420005000000000013659
001000060000000000000001571580000000000306906710570000000000650420005000000000013659
001000060000000000000001580280000000000306906710570000000000337190005000000000007081
001000060000000000000001580380000000000306906710570000000002041930005000000000042881
001000060000000000000001735680000000000306906710570000000000647980005000000000013608
001000060000000000000001735780000000000306906710570000000000647980005000000000013608
001000060000000000000001753880000000000306906710570000000000647980005000000000013608
001000060000000000000001765780000000000306906710570000000000647980005000000000013608
001000060000000000000001772580000000000306906710570000000000647980005000000000013608
001000060000000000000001772680000000000306906710570000000000532130005000000000011175
