001000040000000000000000535980000000000307075491450000000078155020004000000000820628
001000040000000000000000536080000000000307075491450000000024988140004000000000262375
001000040000000000000000514580000000000307075491450000000085722070004000000000900082
001000040000000000000000511180000000000307075491450000000085941500004000000000902386
001000040000000000000000490180000000000307075491450000000056433970004000000000592557
001000040000000000000000490380000000000307075491450000000060971590004000000000640202
001000030000000000000000055780000000000307105374840000000000169430005000000000003558
001000040000000000000000511280000000000307075491450000000087303250004000000000916684
001000040000000000000000490280000000000307075491450000000088873280004000000000933169
001000040000000000000000535780000000000307075491450000000079199740004000000000831597
001000040000000000000000511380000000000307075491450000000024903460004000000000261486
001000040000000000000000490080000000000307075491450000000080809130004000000000848496
