001001010000000000000043884280000000000306906336350000000000197140006000000000005323
001001010000000000000043924480000000000306906336350000000000374440006000000000010110
001001010000000000000043923080000000000306906336350000000001069510006000000000028877
001001010000000000000043248080000000000306906336350000000000859520006000000000023207
001001010000000001111143248080000000000306906336350000000000001020005000000000000021
001001010000000000000044209980000000000306906336350000000000489900006000000000013227
001001010000000000000042172180000000000306906336350000000001077080006000000000029081
001001010000000001111142172180000000000306906336350000000000000430005000000000000009
001001010000000000000044448080000000000306906336350000000000895840006000000000024188
001001010000000001111144448080000000000306906336350000000000001020005000000000000021
001010540000000000000014670680000000000305736520840000000000685950005000000000014405
001010540000000000000014671180000000000305736520840000000000685950005000000000014405
001010540000000000000014694480000000000305736520840000000000881400005000000000018509
001081030000000000001691173180000000000306394537380000000000194000006000000000005238
001081050000000000001598964880000000000306394537380000000000444090006000000000011991
001055120000000000000311459680000000000306781864450000000001999760006000000000053994
001055120000000001111311459680000000000306781864450000000000041880005000000000000880
001055120000000000000311676180000000000306781864450000000001145370006000000000030925
001000030000000000000001257580000000000307143446560000000003551610005000000000074584
001000030000000000000001251780000000000307143446560000000000381900005000000000008020
001010100000000000000019242180000000000305011992530000000045333970005000000000952013
001010100000000000000000665180000000000305011992530000000060563670005000000001271837
001010100000000000000000665080000000000305011992530000000048467310005000000001017814
001010100000000000000019554380000000000305011992530000000047457490005000000000996607
001010080000000000000003298280000000000305011992530000000006892670005000000000144746
001010070000000000000003766880000000000305011992530000000019301850005000000000405339
001010270000000000000000698880000000000305011992530000000145068640005000000003046442
001000110000000000000008219880000000000306392012320000000261420060005000000005489821
001000050000000000000000330380000000000305863213890000000052437200005000000001101181
001000210000000000000011723280000000000305528161680000000054215890005000000001138534
001000210000000000000011733880000000000305528161680000000111684530005000000002345375
001000210000000000000011733980000000000305528161680000000048993690005000000001028868
001000210000000000000011734080000000000305528161680000000023357830005000000000490515
003000210000000000000003783180000000000305528161680000000009779380005000000000205367
001000060000000000000003311180000000000306994085370000000011637000005000000000244377
001000010000000000000000020580000000000307117402080000000012396690005000000000260331
003000040000000000000001394680000000000306883720850000000004970910005000000000104389
001000740000000000000006065380000000000305030372260000000048875070005000000001026376
001000120000000000000008597580000000000305009710410000000008287850005000000000174045
001000120000000000000008600080000000000305009710410000000072559420005000000001523748
001000040000000000000000184980000000000307095941480000000017675000005000000000371175
001000090000000000000037368580000000000307072971540000000014292680005000000000300146
001000050000000000000000126680000000000306584721900000000002451240005000000000051476
001000030000000000000003102480000000000336800218190000000013918370005000000000292286
001002560000000000000000408080000000000305011111270000001366615800005000000028698932
001002640000000000000012171580000000000305011111270000000206605210005000000004338710
001002640000000000000012171680000000000305011111270000000004159500005000000000087350
003002640000000000000000111880000000000305011111270000000012478510005000000000262049
001002640000000000000012200380000000000305011111270000000428539480005000000008999329
001002640000000000000012200480000000000305011111270000000053265000005000000001118565
001002640000000000000012200680000000000305011111270000000016638020005000000000349398
003002640000000000000000114580000000000305011111270000000012478510005000000000262049
001000130000000000000016481680000000000305358963790000000012215510005000000000256526
001000130000000000000002686180000000000305358963790000000011500890005000000000241519
001000050000000000000003730380000000000337075203590000000001487600005000000000031240
001000050000000000000003728580000000000337075203590000000014793390005000000000310661
001005010000000000000015241880000000000305005308510000000265089360005000000005566877
003005010000000000000006520180000000000305005308510000000051258610005000000001076431
001000050000000000000000151380000000000306077694150000000026364060005000000000553645
001000040000000000000004777580000000000306109367800000000006480300005000000000136086
001000040000000000000004777680000000000306109367800000000024376760005000000000511912
003000040000000000000001001180000000000306109367800000000000476280005000000000010002
001000230000000000000003069180000000000305560955970000000097916710005000000002056251
001000230000000000000003068980000000000305560955970000000004784260005000000000100469
002000220000000000000001045080000000000305560955970000000000050000005000000000001050
001000230000000000000003085180000000000305560955970000000019034050005000000000399715
001000230000000000000003097880000000000305560955970000000004712220005000000000098957
001000230000000000000003083080000000000305560955970000000067629670005000000001420223
003000220000000000000010842380000000000305560955970000000005617190005000000000117961
003000220000000000000010859680000000000305560955970000000004616070005000000000096938
001000010000000000000000242280000000000307150823370000000020439500005000000000429230
001000710000000000000001637680000000000306446859060000000000535510005000000000011246
001000710000000000000001682180000000000306446859060000000001956180005000000000041080
001000110000000000000001230280000000000305635165730000000001616530005000000000033947
001000110000000000000001243780000000000305635165730000000001471070005000000000030893
001000020000000000000000035880000000000307140844250000000013201680005000000000277235
001000720000000000000001738880000000000306027640320000000000901360004000000000009464
001002640000000000000012236780000000000305011111270000000277295420005000000005823204
001002640000000000000012236880000000000305011111270000000182590190005000000003834394
003002640000000000000000116680000000000305011111270000000012478510005000000000262049
001005010000000000000015283280000000000305005308510000000482450780005000000010131466
001005010000000000000015340780000000000305005308510000000361842250005000000007598687
001000030000000000000000015180000000000232629364490000000032953650005000000000692027
002000110000000000000000428380000000000306392012320000000000041000005000000000000861
001000310000000000000001333480000000000307102046710000000014919140005000000000313302
001000310000000000000001303480000000000307102046710000000117003500005000000002457074
001000310000000000000001303580000000000307102046710000000025630720005000000000538245
001000060000000000000001554680000000000335218175990000000013359010005000000000280539
001000060000000000000001603180000000000335218175990000000005210810005000000000109427
001000060000000000000001597680000000000335218175990000000002860680005000000000060074
001000060000000000000001554480000000000335218175990000000000529920005000000000011128
001000060000000000000001639380000000000335218175990000000000213370005000000000004481
001000060000000000000001554580000000000335218175990000000002899770005000000000060895
001000060000000000000001461880000000000335218175990000000000156890005000000000003295
001000340000000000000001008680000000000306211818380000000002302270005000000000048348
001000340000000000000001004180000000000306211818380000000002302270005000000000048348
001000340000000000000001004280000000000306211818380000000001039500005000000000021830
001000210000000000000011989180000000000305528161680000000048171080005000000001011593
001000210000000000000011989080000000000305528161680000000121032710005000000002541687
001000210000000000000012019480000000000305528161680000000058355500005000000001225465
001000210000000000000012019580000000000305528161680000000041823210005000000000878288
001000210000000000000012019680000000000305528161680000000062677210005000000001316222
001000210000000000000012011280000000000305528161680000000056924530005000000001195415
003000210000000000000003810080000000000305528161680000000056924530005000000001195415
001000040000000000000004615280000000000306883720850000000000667290004000000000007007
001000040000000001111114615280000000000306883720850000000008356050005000000000175477
001000040000000000000004615380000000000306883720850000000002179300005000000000045765
001000040000000000000004615480000000000306883720850000000005143900005000000000108022
001000090000000000000037818680000000000307072971540000000023326460005000000000489856
001000090000000000000037818780000000000307072971540000000006226820005000000000130763
001000090000000000000037819480000000000307072971540000000026407710005000000000554562
001000090000000000000037819580000000000307072971540000000024685550005000000000518396
001000040000000000000001240680000000000306754074160000000058209370005000000001222397
001000040000000000000001285880000000000306754074160000000002763640005000000000058036
001000030000000000000003128680000000000336800218190000000010807690005000000000226962
001002640000000000000012302480000000000305011111270000000121726790005000000002556263
001002640000000000000012302580000000000305011111270000000199833910005000000004196512
001002640000000000000012288880000000000305011111270000000060863400005000000001278131
001002640000000000000012288980000000000305011111270000000065224800005000000001369721
001002640000000000000012289080000000000305011111270000000073302010005000000001539342
003002640000000000000000118880000000000305011111270000000004159500005000000000087350
001000230000000000000003128380000000000305560955970000000089458650005000000001878632
001000230000000000000003150280000000000305560955970000000101023840005000000002121501
001000230000000000000003140480000000000305560955970000000006369990005000000000133770
001000030000000000000000132980000000000307075005880000000068490000005000000001438290
001000710000000000000001733880000000000306446859060000000000238000005000000000004998
001000070000000000000004065180000000000307000670210000000004909660005000000000103103
001000070000000000000004265280000000000307000670210000000011881400005000000000249509
001000070000000000000004349680000000000307000670210000000011075400005000000000232583
001000070000000000000000605880000000000305038844250000000011820640005000000000248233
001000200000000000000001765280000000000305053748660000000012525600005000000000263038
001010270000000000000000721080000000000305011992530000000188497300005000000003958443
001000050000000000000000346680000000000305863213890000000032731100005000000000687353
001000740000000000000006306480000000000305030372260000000016957220005000000000356102
001000740000000000000006306380000000000305030372260000000041901440005000000000879930
003000070000000000000000580080000000000307000670210000000001679110005000000000035261
003000310000000000000000258880000000000307102046710000000015755330005000000000330862
003000210000000000000003830080000000000305528161680000000013479980005000000000283080
