001000010000000000002016110180000000000305000084540000000000660000005000000000013860
001000040000000000000000773880000000000201045138250000000002429120005000000000051011
001000040000000000000000774980000000000201045138250000000000217380005000000000004565
001000040000000000011111774980000000000201045138250000000006419000004000000000067400
001000040000000000000000773780000000000201045138250000000000519840005000000000010917
001000040000000000000000815280000000000201045138250000000002054670005000000000043148
001000040000000001111111815280000000000201045138250000000003646250004000000000038286
001000040000000000000000777480000000000201045138250000000003428460005000000000071998
001000040000000000000000735380000000000201045138250000000004735960005000000000099455
001000040000000001111111735380000000000201045138250000000015700540004000000000164856
001000040000000000000000831480000000000201045138250000000007200000004000000000075600
001000040000000000000000778080000000000201045138250000000000410850005000000000008628
001000040000000000000000751780000000000201045138250000000001262400005000000000026510
001000040000000000111111751780000000000201045138250000000000732110004000000000007687
001000040000000000000000727980000000000201045138250000000000595710005000000000012510
001000040000000001111111727980000000000201045138250000000003247810004000000000034102
001000040000000000000000727580000000000201045138250000000000586250005000000000012311
001000040000000001111111727580000000000201045138250000000016467960004000000000172914
001000040000000000000000857680000000000201045138250000000006681520005000000000140312
001000040000000000111111857680000000000201045138250000000000654660004000000000006874
001001060000000000000000762580000000000305597150810000000007972060005000000000167413
001001060000000000000000764080000000000305597150810000000010594370005000000000222482
003001060000000000000000185180000000000305597150810000000000521000005000000000010941
001001060000000000000000751380000000000305597150810000000001110090005000000000023312
001001060000000000000000758080000000000305597150810000000020552640005000000000431605
001001060000000000000000751480000000000305597150810000000005138160005000000000107901
003001060000000000000000182180000000000305597150810000000000676820005000000000014213
001000050000000000000003702680000000000307071743890000000000397400005000000000008345
001000050000000000000003702580000000000307071743890000000000295720005000000000006210
001000050000000000000003611180000000000307071743890000000000090420005000000000001899
001000050000000000000003622280000000000307071743890000000000153300005000000000003219
001000040000000000000001240180000000000307119314020000000000182000005000000000003822
001000040000000000000001213080000000000307119314020000000004413580005000000000092685
001000040000000000000001205780000000000307119314020000000000186000005000000000003906
001000040000000000000001232280000000000307119314020000000001142800005000000000023999
001000040000000000000001236080000000000307119314020000000001528680005000000000032102
001000030000000000000000008280000000000271232787850000000035702480005000000000749752
001000040000000000000000530780000000000306754074160000000007563110005000000000158825
001000020000000000000000000780000000000202398433960000000018000000005000000000378000
001000050000000000000000080380000000000201646150230000000008264460005000000000173554
001000030000000000000001741580000000000307076562510000000004394120005000000000092276
001000010000000000000000004680000000000307149596340000000007429750005000000000156025
001000150000000000000001634080000000000305763742470000000000945250005000000000019850
001000010000000000000000092680000000000232070732290000000024886880004000000000261312
001000010000000000000000092580000000000232070732290000000020826450005000000000437355
001008430000000000000000029480000000000305259668590000000004130580005000000000086742
001000140000000000000000590980000000000305597328300000000000413220005000000000008678
001000140000000000000000571580000000000305597328300000000000847100005000000000017789
001000170000000000000000966480000000000307077461880000000000703860005000000000014781
001000270000000000000001089380000000000305577174000000000001031290005000000000021657
001000270000000000000001101980000000000305577174000000000001115560005000000000023427
001000080000000000000007562080000000000271293886120000000000649130005000000000013632
