00600002000000000000000001740000000000327270005000000000006873
00600002000000000000000001750000000000410740005000000000008626
00600002000000000000000001760000000000262810005000000000005519
00600002000000000000000001770000000000272730005000000000005727
00600002000000000000000001780000000000074380005000000000001562
00600002000000000000000001790000000000432230005000000000009077
00600002000000000000000001800000000000413220005000000000008678
00600002000000000000000001810000000000262810005000000000005519
00600002000000000000000001820000000000423140005000000000008886
00600002000000000000000001830000000000442150005000000000009285
00600002000000000000000001840000000000387600005000000000008140
00600002000000000000000001850000000000646280005000000000013572
00600002000000000000000001860000000000757020005000000000015898
00600002000000000000000001870000000000341320005000000000007168
00600002000000000000000001880000000000593390005000000000012461
00600002000000000000000001890000000000411570005000000000008643
00600002000000000000000001900000000000413220005000000000008678
00600002000000000000000001910000000000428100005000000000008990
00600002000000000000000001920000000000555370005000000000011663
00600002000000000000000001930000000000205790005000000000004321
00600002000000000000000001940000000000642980005000000000013502
00600002000000000000000001950000000000330580005000000000006942
00600002000000000000000001960000000000495870005000000000010413
00600002000000000000000001970000000000328930005000000000006907
00600002000000000000000001980000000000756200005000000000015880
00600002000000000000000001990000000000263640005000000000005536
00600002000000000000000002000000000000101650005000000000002135
00600002000000000000000002010000000000190080005000000000003992
00600002000000000000000002020000000000727270005000000000015273
00600002000000000000000002030000000000604960005000000000012704
00600002000000000000000002040000000000636360005000000000013364
00600002000000000000000002050000000000562810005000000000011819
00600002000000000000000002060000000000549590005000000000011541
00600002000000000000000002070000000001078510005000000000022649
00600002000000000000000002080000000001468600005000000000030840
00600002000000000000000002090000000000750410005000000000015759
00600002000000000000000002100000000000412400005000000000008660
00600002000000000000000002110000000000557850005000000000011715
00600002000000000000000002120000000000719010005000000000015099
00600002000000000000000002130000000001590080005000000000033392
00600002000000000000000002140000000000214880005000000000004512
00600002000000000000000002150000000000980990005000000000020601
00600002000000000000000002160000000001233880005000000000025912
00600002000000000000000002170000000000314050005000000000006595
00600002000000000000000002180000000000607440005000000000012756
00600002000000000000000002190000000000387600005000000000008140
00600002000000000000000002200000000000247110005000000000005189
00600002000000000000000002210000000000944630005000000000019837
00600002000000000000000002220000000000457020005000000000009598
00600002000000000000000002230000000000445450005000000000009355
00600002000000000000000002240000000000206610005000000000004339
00600002000000000000000002250000000000638840005000000000013416
00600002000000000000000002260000000000465290005000000000009771
00600002000000000000000002270000000000897520005000000000018848
00600002000000000000000002280000000000898350005000000000018865
00600002000000000000000002290000000001020660005000000000021434
00600002000000000000000002300000000000380990005000000000008001
00600002000000000000000002310000000000311570005000000000006543
00600002000000000000000002320000000000920660005000000000019334
00600002000000000000000002330000000000300000005000000000006300
00600002000000000000000002340000000000293390005000000000006161
00600002000000000000000002350000000000450410005000000000009459
00600002000000000000000002360000000000985120005000000000020688
00600002000000000000000002370000000000276860005000000000005814
00600002000000000000000002380000000000368600005000000000007740
00600002000000000000000002390000000000561980005000000000011802
00600002000000000000000002400000000000196690005000000000004131
00600002000000000000000002410000000000449590005000000000009441
00600002000000000000000002420000000000673550005000000000014145
00600002000000000000000002430000000000123970005000000000002603
00600002000000000000000002440000000004681820005000000000098318
00600002000000000000000002450000000000504130005000000000010587
00600002000000000000000002460000000000356200005000000000007480
00600002000000000000000002470000000000739670005000000000015533
00600002000000000000000002480000000000712400005000000000014960
00600002000000000000000002490000000000516530005000000000010847
00600002000000000000000002500000000000345450005000000000007255
00600002000000000000000002510000000000338840005000000000007116
00600002000000000000000002520000000000452070005000000000009493
00600002000000000000000002530000000000127270005000000000002673
00600002000000000000000002540000000000705790005000000000014821
00600002000000000000000002550000000001818180005000000000038182
00600002000000000000000002560000000000709920005000000000014908
00600002000000000000000002570000000000380170005000000000007983
00600002000000000000000002580000000000322310005000000000006769
00600002000000000000000002590000000000147110005000000000003089
00600002000000000000000002600000000000350410005000000000007359
00600002000000000000000002610000000000479340005000000000010066
00600002000000000000000002620000000000790910005000000000016609
