001001010000000000000040456580000000000306906336350000000004668320006000000000126045
001001010000000000000040826180000000000306906336350000000000377270006000000000010186
001001010000000000000040479880000000000306906336350000000000170170006000000000004595
001001010000000000000040553980000000000306906336350000000000766230006000000000020688
001001010000000001111140553980000000000306906336350000000000001320005000000000000028
001001010000000000000040554780000000000306906336350000000000404660006000000000010926
001001010000000001111140554780000000000306906336350000000000001320005000000000000028
001081020000000000001664891280000000000306394537380000000000007940006000000000000214
001081030000000000001661657980000000000306394537380000000000391340006000000000010566
001020930000000000000720010780000000000306788143570000000000010750006000000000000290
001000310000000000000000934080000000000307102046710000000015456800005000000000324593
001000310000000000000000938480000000000307102046710000000036099000005000000000758079
001000310000000000000000941680000000000307102046710000000050312000005000000001056552
003000310000000000000000214680000000000307102046710000000008641100005000000000181463
001000110000000000000007742880000000000306392012320000000471830140005000000009908433
001000050000000000000000287980000000000305863213890000000055554800005000000001166651
003000210000000000000003598280000000000305528161680000000000695510005000000000014606
003000210000000000000003598180000000000305528161680000000006661500005000000000139891
001000740000000000000005601480000000000305030372260000000056041000005000000001176861
001000740000000000000005595280000000000305030372260000000010388280005000000000218154
003000040000000000000001165580000000000306883720850000000001498950005000000000031478
003000040000000000000001148180000000000306883720850000000002779850005000000000058377
003000120000000000000002149880000000000305009710410000000002254170005000000000047338
001000120000000000000008381980000000000305009710410000000053439420005000000001122228
001000050000000000000000086180000000000307087806490000000000681220005000000000014306
001000050000000000000000094280000000000307087806490000000000681220005000000000014306
001000050000000000000000106280000000000307087806490000000000681220005000000000014306
001000090000000000000035555480000000000307072971540000000002534910005000000000053233
001000030000000000000003078080000000000336800218190000000000292800005000000000006149
001002640000000000000011879680000000000305011111270000000451470320005000000009480877
001000230000000000000002203280000000000305358963790000000004133310005000000000086800
001005010000000000000014800680000000000305005308510000000026983950005000000000566663
001005010000000000000014800580000000000305005308510000000765123980005000000016067604
001005010000000000000014856480000000000305005308510000001406392580005000000029534244
001005010000000000000014892480000000000305005308510000000275686360005000000005789414
001005010000000000000014925280000000000305005308510000000066272340005000000001391719
003005010000000000000006410980000000000305005308510000000145489660005000000003055283
003005010000000000000006425580000000000305005308510000000009080530005000000000190691
001000050000000000000000131380000000000306077694150000000012582000005000000000264222
001000030000000000000000011880000000000232629364490000000033815240005000000000710120
001000030000000000000000012280000000000232629364490000000032983370005000000000692651
001000230000000000000002962480000000000305560955970000000011679200005000000000245263
001000230000000000000002962380000000000305560955970000000001059460005000000000022249
001000690000000000000001263780000000000306446859060000000000213210005000000000004477
001000020000000000000000108480000000000307096761010000000003646700005000000000076581
001000020000000000000000108580000000000307096761010000000028600230005000000000600605
001000020000000000000000108680000000000307096761010000000015965210005000000000335270
001000110000000000000001198480000000000305635165730000000000742980005000000000015602
001000110000000000000001207680000000000305635165730000000000742980005000000000015602
001000110000000000000001212780000000000305635165730000000001323970005000000000027803
001000390000000000000001287880000000000305437490240000000000802570005000000000016854
001000020000000000000000031780000000000307140844250000000007196010005000000000151116
001010220000000000000649332480000000000305736520840000000000685950005000000000014405
001010220000000000000649401080000000000305736520840000000001034240005000000000021719
001010220000000000000649439980000000000305736520840000000000685950005000000000014405
001000350000000000000003349480000000000306235733180000000008706170005000000000182830
001055120000000000000275973380000000000306781864460000000001020000006000000000027540
001055120000000000000275726280000000000306781864460000000001805950006000000000048761
001055120000000001111275726280000000000306781864460000000000049880005000000000001047
001000060000000000000001355280000000000335218175990000000000273280005000000000005739
001000060000000000000001330680000000000335218175990000000003568280005000000000074934
001000060000000000000001287780000000000335218175990000000005799540005000000000121790
001000060000000000000001287680000000000335218175990000000002244170005000000000047128
001000060000000000000001259180000000000335218175990000000000735580005000000000015447
001000060000000000000001246080000000000335218175990000000004202620005000000000088255
001000120000000000000008491080000000000305009710410000000001340150005000000000028143
001000040000000000000001403280000000000306092852610000000009497000005000000000199437
001000030000000000000003067180000000000336800218190000000013131980005000000000275771
001000030000000000000003068180000000000336800218190000000002299640005000000000048292
001000030000000000000003078780000000000336800218190000000000615000005000000000012915
001000230000000000000002514080000000000305358963790000000005060700005000000000106275
001000130000000000000016119280000000000305358963790000000006500440005000000000136509
001000020000000000000000116880000000000307096761010000000005273880005000000000110751
001000010000000000000000199880000000000307150823370000000011654570005000000000244746
001000040000000000000000026980000000000202024742260000000001964020005000000000041244
001000200000000000000001274480000000000305053748660000000014381040005000000000302002
