00100004000000000000000005310000000000016550005000000000000348
00100004000000000000000005320000000000012400005000000000000260
00100004000000000000000005330000000000115700005000000000002430
00100004000000000000000005340000000000157050005000000000003298
00600004000000000000000001660000000000265290005000000000005571
00100004000000000000000005350000000000661160005000000000013884
00100004000000000000000005360000000000369430005000000000007758
00100004000000000000000005370000000000223150005000000000004686
00600004000000000000000001670000000000074380005000000000001562
00100004000000000000000005380000000000495870005000000000010413
00100004000000000000000005390000000000097520005000000000002048
00600004000000000000000001680000000000244630005000000000005137
00100004000000000000000005400000000000079360005000000000001667
00600004000000000000000001690000000000207230005000000000004352
00100004000000000000000005410000000000188460005000000000003958
00100004000000000000000005420000000000128930005000000000002708
00600004000000000000000001700000000000111580005000000000002342
00100004000000000000000005430000000000016530005000000000000347
00100004000000000000000005440000000000181820005000000000003818
00600004000000000000000001710000000000338840005000000000007116
00100004000000000000000005450000000000024790005000000000000521
00100004000000000000000005460000000000042980005000000000000903
00100004000000000000000005470000000000586780005000000000012322
00100004000000000000000005480000000000124060005000000000002606
00100004000000000000000005490000000000024840005000000000000522
00100004000000000000000005500000000000119020005000000000002499
00600004000000000000000001720000000000079340005000000000001666
00600004000000000000000001730000000000043800005000000000000920
00100004000000000000000005510000000000157030005000000000003298
00100004000000000000000005520000000000087600005000000000001839
00100004000000000000000005530000000000082650005000000000001736
00100004000000000000000005540000000000114470005000000000002404
00100004000000000000000005550000000000119000005000000000002499
00100004000000000000000005560000000000099170005000000000002083
00600004000000000000000001740000000000128100005000000000002690
00100004000000000000000005570000000000061980005000000000001302
00600004000000000000000001750000000000037190005000000000000781
00600004000000000000000001760000000000125620005000000000002638
00600004000000000000000001770000000000218180005000000000004582
00100004000000000000000005580000000000079400005000000000001667
00600004000000000000000001780000000000221490005000000000004651
00600004000000000000000001790000000005538460004000000000058154
00600004000000000000000001800000000000086780005000000000001822
00600004000000000000000001810000000000036360005000000000000764
00100004000000000000000005590000000000037190005000000000000781
00100004000000000000000005600000000000029750005000000000000625
00100004000000000000000005610000000000036360005000000000000764
00100004000000000000000005620000000000024790005000000000000521
00100004000000000000000005630000000000310760005000000000006526
00100004000000000000000005640000000000099600005000000000002092
00100004000000000000000005650000000000555370005000000000011663
00100004000000000000000005660000000000248000005000000000005208
00100004000000000000000005670000000000049580005000000000001041
00100004000000000000000005680000000000177690005000000000003731
00100004000000000000000005690000000000292560005000000000006144
00600004000000000000000001820000000000033060005000000000000694
00100004000000000000000005700000000000028930005000000000000608
00600004000000000000000001830000000000066120005000000000001388
00100004000000000000000005710000000000088630005000000000001861
00600004000000000000000001840000000000080990005000000000001701
00600004000000000000000001850000000000231400005000000000004860
00100004000000000000000005720000000000024790005000000000000521
00100004000000000000000005730000000000033060005000000000000694
00600004000000000000000001860000000000496690005000000000010431
00100004000000000000000005740000000000082650005000000000001736
00600004000000000000000001870000000000118590005000000000002491
00100004000000000000000005750000000000188440005000000000003957
00100004000000000000000005760000000000128100005000000000002690
00100004000000000000000005770000000000026450005000000000000555
00100004000000000000000005780000000039281000005000000000824901
00600004000000000000000001880000000000024790005000000000000521
00100004000000000000000005790000000000067770005000000000001423
00100004000000000000000005800000000000090920005000000000001910
00600004000000000000000001890000000000847930005000000000017807
00600004000000000000000001900000000000055370005000000000001163
00100004000000000000000005810000000000158700005000000000003333
00100004000000000000000005820000000000072760005000000000001528
00100004000000000000000005830000000000236360005000000000004964
00100004000000000000000005840000000000049600005000000000001042
00600004000000000000000001910000000000095040005000000000001996
00600004000000000000000001920000000000161160005000000000003384
00600004000000000000000001930000000000193390005000000000004061
00100004000000000000000005850000000000269420005000000000005658
00600004000000000000000001940000000000061160005000000000001284
00100004000000000000000005860000000000639670005000000000013433
00100004000000000000000005870000000000181820005000000000003818
00100004000000000000000005880000000000045870005000000000000963
00600004000000000000000001950000000000119010005000000000002499
00100004000000000000000005890000000000059500005000000000001250
00100004000000000000000005900000000038490900005000000000808309
00600004000000000000000001960000000000753720005000000000015828
00100004000000000000000005910000000000180990005000000000003801
00600004000000000000000001970000000000377690005000000000007931
00100004000000000000000005920000000000165290005000000000003471
00100004000000000000000005930000000000181820005000000000003818
00100004000000000000000005940000000000057860005000000000001215
00100004000000000000000005950000000000181820005000000000003818
00100004000000000000000005960000000000070720005000000000001486
00100004000000000000000005970000000000120670005000000000002533
00100004000000000000000005980000000000037190005000000000000781
00600004000000000000000001980000000000037190005000000000000781
00100004000000000000000005990000000000661160005000000000013884
00600004000000000000000001990000000000050910005000000000001069
00100004000000000000000006000000000000099200005000000000002083
00100004000000000000000006010000000000600820005000000000012617
00100004000000000000000006020000000000028920005000000000000607
00100004000000000000000006030000000000071700005000000000001506
00600001000000000000000011700000000002902480005000000000060952
00600001000000000000000011710000000001977690005000000000041531
00600001000000000000000011720000000001985120005000000000041688
00600001000000000000000011730000000002374380005000000000049862
00600001000000000000000011740000000001483880005000000000031162
00600001000000000000000011750000000002165700005000000000045480
00600001000000000000000011760000000002670660005000000000056084
00600001000000000000000011770000000003776860005000000000079314
00600001000000000000000011780000000003746280005000000000078672
00600001000000000000000011790000000001487600005000000000031240
00600001000000000000000011800000000003523140005000000000073986
00600001000000000000000011810000000004363060005000000000091624
00600001000000000000000011820000000002714460005000000000057004
00600001000000000000000011830000000003015700005000000000063330
00600001000000000000000011840000000003714050005000000000077995
00600001000000000000000011850000000003887190005000000000081631
00600001000000000000000011860000000001268600005000000000026640
00600001000000000000000011870000000003414050005000000000071695
00600001000000000000000011880000000002658520005000000000055829
00600001000000000000000011890000000002188020005000000000045948
00600001000000000000000011900000000002147190005000000000045091
00600001000000000000000011910000000003335210005000000000070039
00600001000000000000000011920000000001952070005000000000040993
00600001000000000000000011930000000001499170005000000000031483
00600001000000000000000011940000000003804960005000000000079904
00600001000000000000000011950000000001828100005000000000038390
00600001000000000000000011960000000002857450005000000000060006
00600001000000000000000011970000000003001650005000000000063035
00600001000000000000000011980000000004284710005000000000089979
00600001000000000000000011990000000003324380005000000000069812
