001000010000000000002016040180000000000305000031930000000000022000005000000000000462
001000010000000000002016040280000000000305000031930000000000310000005000000000006510
001000010000000000002016040380000000000305000031930000000000001820005000000000000038
001000010000000000002016050180000000000305000031930000000000033000005000000000000693
001000010000000000002016050280000000000305000031930000000000310000005000000000006510
001000010000000000002016050380000000000305000031930000000000002880005000000000000060
001000010000000000002016060180000000000305000031930000000000033000005000000000000693
001000010000000000002016060280000000000305000031930000000000310000005000000000006510
001000010000000000002016070180000000000305000031930000000000045100005000000000000947
001000010000000000002016070280000000000305000031930000000000310000005000000000006510
003000040000000000000000000180000000000201283823490000000044812000004000000000470526
003000040000000000000000000280000000000201283823490000000044336000004000000000465528
001000040000000000000000003480000000000201283823490000000044336000004000000000465528
001000040000000000000000003380000000000201283823490000000044812000004000000000470526
001000040000000000000000003180000000000201283823490000000044380000004000000000465990
001000030000000000000000010780000000000202797439470000000000000000003000000000000000
001000030000000000000000010980000000000202797439470000000000000000003000000000000000
001000050000000000000001200980000000000307122597240000000000611830005000000000012848
001000050000000000000001171680000000000307122597240000000000264630005000000000005557
001000050000000000000001143780000000000307122597240000000000651410005000000000013680
001000080000000000000000286580000000000271299989410000000000425620005000000000008938
001000080000000000000000218980000000000271299989410000000000223140005000000000004686
001000010000000000000004476880000000000337094889590000000000350380005000000000007358
001000010000000000000004472780000000000337094889590000000000410550005000000000008622
001000010000000000000004458780000000000337094889590000000000456010005000000000009576
001000050000000000000000077680000000000272764067740000000000167200005000000000003511
001000100000000000000000063980000000000307091686100000000013016530005000000000273347
001000010000000000000000039980000000000272717531580000000001113220005000000000023378
001000010000000000000000041780000000000272717531580000000001809920005000000000038008
001050020000000000000005947480000000000305184086890000000001626830005000000000034163
001031510000000000000000389280000000000307087729640000000000099620005000000000002092
001070860000000000000000093280000000000307087729640000000000688860005000000000014466
001070860000000000111111193280000000000307087729640000000000290350004000000000003049
001000050000000000000000066880000000000307119533250000000000034080005000000000000716
001000030000000000000000234780000000000307119533250000000000069840005000000000001467
001000070000000000000000033080000000000307119533250000000000091720005000000000001926
001000030000000000000000233680000000000307119533250000000000076440005000000000001605
001000050000000000000000067780000000000307119533250000000000070200005000000000001474
001000020000000000000000083880000000000307119533250000000000030580005000000000000642
001000030000000000000000236880000000000307119533250000000000045440005000000000000954
001000070000000000000000034880000000000307119533250000000000019800005000000000000416
001000030000000000000000236180000000000307119533250000000000068170005000000000001432
001000030000000000000000235680000000000307119533250000000000049790005000000000001046
001000020000000000000000084480000000000307119533250000000000060740005000000000001276
001000070000000000000000035180000000000307119533250000000000047100005000000000000989
001000070000000000000000035380000000000307119533250000000000083070005000000000001744
001000320000000000000000445880000000000306737704830000000001580850005000000000033198
001000320000000000000000446780000000000306737704830000000001998600005000000000041971
001000320000000000000000446080000000000306737704830000000000098000005000000000002058
001000320000000000000000447580000000000306737704830000000000890930005000000000018710
001000320000000000000000450080000000000306737704830000000000625130005000000000013128
001000320000000000000000448880000000000306737704830000000001911080005000000000040133
001000320000000000000000452080000000000306737704830000000000394790005000000000008290
001000120000000000000004226980000000000306737704830000000002428890005000000000051007
001000320000000000000000452380000000000306737704830000000002403020005000000000050463
001000720000000000000000130680000000000307000821010000000000153930005000000000003233
001000720000000001111111130680000000000307000821010000000000009610004000000000000101
001000720000000000000000129180000000000307000821010000000000094500005000000000001985
001000700000000000000000151880000000000307000821010000000000381190005000000000008005
001000700000000001111111151880000000000307000821010000000000049990004000000000000525
001000680000000000000000037580000000000307000821010000000000135960005000000000002855
001000680000000000111111137580000000000307000821010000000000026500004000000000000278
001000700000000000000000151780000000000307000821010000000000229470005000000000004819
001000700000000000111111151780000000000307000821010000000000024040004000000000000252
001000720000000000000000130080000000000307000821010000000000205870005000000000004323
001000720000000000011111130080000000000307000821010000000000022630004000000000000238
001000720000000000000000128980000000000307000821010000000000112830005000000000002370
001000720000000000111111128980000000000307000821010000000000100820004000000000001059
001033950000000000000003910280000000000306787744950000000000520870005000000000010938
001035840000000000000001931080000000000306787744950000000000183820005000000000003860
001035840000000000000001982080000000000306787744950000000000122560005000000000002574
001032470000000000000004817680000000000306787744950000000000348150005000000000007311
001035840000000000000002004780000000000306787744950000000000245080005000000000005147
001035840000000000000002053080000000000306787744950000000000122560005000000000002574
001000020000000000000000835980000000000307116445430000000006334840004000000000066516
001000020000000000000000847680000000000307116445430000000003891400004000000000040860
001000090000000000000002097480000000000307085302940000000000136020005000000000002856
001000090000000000000002168880000000000307085302940000000000127620005000000000002680
001000150000000000000002766380000000000305433658460000000000561080005000000000011783
001000140000000000000003141280000000000305433658460000000000201790005000000000004237
001000270000000000000002239580000000000201041200840000000000315490005000000000006625
001000180000000000000007221180000000000201041200840000000000189240005000000000003974
001000260000000000000004056880000000000305635165730000000000124400005000000000002612
001000260000000000000004168580000000000305635165730000000000062190005000000000001306
001000260000000000000004118080000000000305635165730000000000062190005000000000001306
001000220000000000000007654280000000000336112266890000000000122540005000000000002573
001000120000000000000000061380000000000307102665290000000000528930005000000000011107
