001000010000000000002016110180000000000305000056250000000000670000005000000000014070
001000010000000000002016110480000000000305000056250000000000130000005000000000002730
001000170000000000000007115380000000000306256163590000000000196860005000000000004134
001000050000000000000000536580000000000306810945510000000055337950005000000001162097
001000050000000000000000536680000000000306810945510000000005027320005000000000105574
001000030000000000000000382180000000000307144693780000000035910540005000000000754121
001000430000000000000009397780000000000335009085190000000036749150005000000000771732
001000430000000000000009397880000000000335009085190000000035165380005000000000738473
001000430000000000000009397980000000000335009085190000000044462290005000000000933708
001000430000000000000009491380000000000335009085190000000038850710005000000000815865
001000430000000000000009494480000000000335009085190000000036762990005000000000772023
001005010000000000000013890680000000000305005308510000000375177240005000000007878722
001005010000000000000013890780000000000305005308510000000024725310005000000000519232
001005010000000000000013890880000000000305005308510000000095041310005000000001995868
003005010000000000000006063880000000000305005308510000000012196000005000000000256116
001005010000000000000013927180000000000305005308510000000625295400005000000013131203
003005010000000000000006092880000000000305005308510000000084979740005000000001784575
001005010000000000000013957680000000000305005308510000000502730320005000000010557337
001005010000000000000013994280000000000305005308510000000501483320005000000010531150
001000040000000000000000439280000000000307108226850000000000504150005000000000010587
001000320000000000000000220080000000000307102046710000000009236780005000000000193972
001000310000000000000000532180000000000307102046710000000027847710005000000000584802
001000310000000000000000534280000000000307102046710000000000898880005000000000018877
001000310000000000000000532380000000000307102046710000000031396500005000000000659327
001000310000000000000000532280000000000307102046710000000015819820005000000000332216
001000030000000000000002318280000000000307117942860000000004301580005000000000090333
001000030000000000000000005580000000000232629364490000000031019700005000000000651414
001000030000000000000000005180000000000232629364490000000029583190005000000000621247
001055120000000000000201554080000000000306781864450000000001819430006000000000049125
001055120000000001111201554080000000000306781864450000000000000380005000000000000008
001055120000000000000201897780000000000306781864450000000000860000006000000000023220
001001010000000000000032589380000000000306906336350000000000210440006000000000005682
001001010000000001111132589380000000000306906336350000000000000540005000000000000011
001001010000000000000034037480000000000306906336350000000000222780006000000000006015
001001010000000000000033632980000000000306906336350000000001416990006000000000038259
001001010000000000000033948580000000000306906336350000000000181750006000000000004907
001001010000000000000033649980000000000306906336350000000000577750006000000000015599
001001010000000000000033650380000000000306906336350000000000226210006000000000006108
001001010000000000000034141280000000000306906336350000000000335890006000000000009069
001020930000000000000639729580000000000306788143570000000000007310006000000000000197
001081030000000000001617949280000000000306394537380000000000143610006000000000003877
001081020000000000001612562780000000000306394537380000000000606180006000000000016367
001081020000000001111612562780000000000306394537380000000000022000005000000000000462
001010100000000000000017664780000000000305011992530000000059011750005000000001239247
001010070000000000000003468680000000000305011992530000000031936870005000000000670674
001000050000000000000004138380000000000305812090760000000003365160005000000000070668
001000030000000000000000221480000000000307097948800000000017849780005000000000374845
001000230000000000000002734580000000000305560955970000000060430090005000000001269032
001000110000000000000001123880000000000305635165730000000001236360005000000000025964
001000110000000000000001138080000000000305635165730000000001918180005000000000040282
001000030000000000000002923280000000000336800218190000000009638490005000000000202408
001000030000000000000000414980000000000307125071590000000001086480005000000000022816
001000290000000000000000892480000000000305001301280000000001147510004000000000012049
001000230000000000000001769680000000000305358963790000000014537600005000000000305290
001000040000000000000000019680000000000202024742260000000000807170005000000000016951
001000020000000000000000025980000000000307140844250000000006131550005000000000128763
