001000030000000000000000011180000000000202797439470000000000000000003000000000000000
001000050000000000000000003880000000000307105514600000000000000000003000000000000000
001000040000000000000000501480000000000307073258240000000002553710005000000000053628
001000080000000000000000328880000000000307036414700000000000921490005000000000019351
001000020000000000000008045980000000000306544623280000000001676440005000000000035205
001031200000000000000000677680000000000307087729640000000000215580005000000000004527
001031200000000001111111677680000000000307087729640000000000009180004000000000000096
001001030000000000000007182280000000000306270624900000000000203780005000000000004279
001000120000000000000004144280000000000305946927440000000000309380005000000000006497
001000120000000000000004190280000000000305946927440000000000247510005000000000005198
001000100000000000000002820680000000000305946927440000000000247510005000000000005198
001000120000000000000004216980000000000305946927440000000000265200005000000000005569
001000120000000000000004173180000000000305946927440000000000265200005000000000005569
001000100000000000000002891480000000000305946927440000000000185630005000000000003898
001025110000000000000012948080000000000306787744950000000000336180005000000000007060
001000180000000000000007094980000000000201041200840000000000335690005000000000007049
001000260000000000000003782680000000000305635165730000000000193560005000000000004065
001000160000000000000004206880000000000307088355590000000000306640005000000000006439
001000250000000000000001165780000000000271477592530000000000257830005000000000005414
001000090000000000000000203580000000000306906705140000000000416790005000000000008752
001000180000000000000012575680000000000307000782870000000000558280005000000000011724
001000030000000000000002137180000000000307117942860000000001399100005000000000029381
001000580000000000000000388780000000000200507684310000000000720890005000000000015139
001000040000000000000000133280000000000307120214690000000000268590005000000000005640
001000050000000000000000528480000000000201108151590000000001111600005000000000023344
001000050000000000000000525480000000000201108151590000000000247900005000000000005206
