003000100000000000000000034580000000000307001020050000000000208620005000000000004381
001000100000000000000001071680000000000307001020050000000010362130005000000000217605
003000100000000000000000034880000000000307001020050000000000167720005000000000003522
001000100000000000000000990280000000000307001020050000000009702720005000000000203757
001000100000000000000001063880000000000307001020050000000000595050005000000000012496
003000100000000000000000035880000000000307001020050000000000166620005000000000003499
001000100000000000000001073180000000000307001020050000000000725340005000000000015232
001016880000000000000000208180000000000305400882130000000003618170005000000000075982
001000080000000000000002110980000000000307074949440000000000490070005000000000010291
001000100000000000000001039280000000000306737704830000000008584820005000000000180281
001000100000000000000001025280000000000307001020050000000006954440005000000000146043
001000010000000000000000088880000000000202764062060000000000619830005000000000013017
001000100000000000000001031980000000000307001020050000000003455290005000000000072561
001000370000000000000001351080000000000306737704830000000000975090005000000000020477
001000100000000000000001006680000000000307001020050000000013335870005000000000280053
001000100000000000000001053080000000000307001020050000000009569690005000000000200963
003000100000000000000000033280000000000307001020050000000000156510005000000000003287
001000100000000000000001063780000000000307001020050000000003104490005000000000065194
003000100000000000000000034680000000000307001020050000000000196110005000000000004118
001000100000000000000000978380000000000307001020050000000011074880005000000000232572
003000100000000000000000030580000000000307001020050000000000351650005000000000007385
003000100000000000000000032380000000000307001020050000000000208620005000000000004381
001000100000000000000001039180000000000307001020050000000009549580005000000000200541
001000030000000000000007951480000000000307097975450000000000657000005000000000013797
001000100000000000000000936780000000000307001020050000000011247950005000000000236207
001000100000000000000000993780000000000307001020050000000000157040005000000000003298
001000100000000000000000978480000000000307001020050000000005255540005000000000110366
