001000970000000000000002079880000000000305597150810000000002803920005000000000058882
001000430000000000000000554880000000000305597150810000000151276800005000000003176813
003000430000000000000000157080000000000305597150810000000001771350005000000000037198
001000430000000000000000536480000000000305597150810000000001743210005000000000036607
001000430000000000000000560980000000000305597150810000000003456270005000000000072582
001000050000000000000003464680000000000307071743890000000000169270005000000000003555
001000070000000000000000135780000000000201708716190000000000481820005000000000010118
001000150000000000000001260680000000000305763742470000000021484730005000000000451179
001000150000000000000001292780000000000305763742470000000009442600005000000000198295
001000150000000000000001313580000000000305763742470000000051054790005000000001072151
001000160000000000000000498580000000000305763742470000000015036500005000000000315766
001000150000000000000001356680000000000305763742470000000016611180005000000000348835
001000070000000000000000091480000000000307101659780000000009039660005000000000189833
001000020000000000000000000380000000000202398433960000000018000000005000000000378000
001000020000000000000000000180000000000202398433960000000009917360005000000000208265
001000010000000000000000003180000000000307149596340000000043862950005000000000921122
001000110000000000000001234380000000000306731258040000000002231400005000000000046860
001000150000000000000001346180000000000307083483480000000019943960005000000000418823
001000140000000000000000340780000000000305597328300000000003305780005000000000069421
001000140000000000000000361780000000000305597328300000000000458680005000000000009632
001000140000000000000000370580000000000305597328300000000001557850005000000000032715
001000140000000000000000382580000000000305597328300000000000710740005000000000014925
001000140000000000000000353080000000000305597328300000000000280990005000000000005901
001000010000000000000000231780000000000202692805310000000002479340005000000000052066
001000270000000000000000885280000000000305577174000000000003591900005000000000075430
001000270000000000000000914780000000000305577174000000000002046580005000000000042978
001000270000000000000000933080000000000305577174000000000001504810005000000000031601
001000270000000000000000937380000000000305577174000000000001894040005000000000039775
001000270000000000000000935380000000000305577174000000000002223090005000000000046685
001000270000000000000000937980000000000305577174000000000000152490005000000000003202
001000270000000000000000941880000000000305577174000000000001805750005000000000037921
001000050000000000000000500180000000000305810114460000000013760330005000000000288967
001000210000000000000002829080000000000336112266890000000000746110005000000000015668
001000240000000000000008358580000000000336112266890000000000442570005000000000009294
001000080000000000000003348480000000000305433543720000000000774510005000000000016265
001000200000000000000010534180000000000306608482890000000000131000005000000000002751
001000050000000000000000532880000000000201108151590000000001603240005000000000033668
001000140000000000000001978380000000000305898164350000000000293390005000000000006161
