001000040000000000000003399280000000000306883720850000000006109560005000000000128301
001000040000000000000003399080000000000306883720850000000005921830005000000000124358
001000040000000000000003402580000000000306883720850000000000339950005000000000007139
003000040000000000000000998780000000000306883720850000000000473950005000000000009953
001000230000000000000002852380000000000305560955970000000001261650005000000000026495
001000230000000000000002855280000000000305560955970000000003848640005000000000080821
001000230000000000000002852480000000000305560955970000000077788800005000000001633565
001000210000000000000021966380000000000305560955970000000024015510005000000000504326
001000230000000000000002823680000000000305560955970000000012007760005000000000252163
001000090000000000000033660680000000000307072971540000000021232850005000000000445890
001000040000000000000003517580000000000307077169710000000002401640005000000000050434
001000070000000000000003088980000000000307000670210000000004593430005000000000096462
001000070000000000000003089080000000000307000670210000000010111200005000000000212335
001000070000000000000003075980000000000307000670210000000007501420005000000000157530
001000070000000000000003076080000000000307000670210000000014554700005000000000305649
001000290000000000000000951380000000000305001301280000000001119000004000000000011749
001000050000000000000002793280000000000336441204790000000012695080005000000000266597
001000050000000000000000110780000000000306077694150000000016329600005000000000342922
002010250000000000000007034080000000000305011992530000000359737480005000000007554487
002010250000000000000007033980000000000305011992530000000044040320005000000000924847
001010270000000000000000516680000000000305011992530000000127021570005000000002667453
003010250000000000000005151780000000000305011992530000000044040320005000000000924847
003010250000000000000005151880000000000305011992530000000083595860005000000001755513
001010270000000000000000521480000000000305011992530000000061318590005000000001287690
003010250000000000000005175180000000000305011992530000000061615300005000000001293921
001010270000000000000000532780000000000305011992530000000192503430005000000004042572
003010250000000000000005228380000000000305011992530000000193434890005000000004062133
001010270000000000000000542280000000000305011992530000000030508730005000000000640683
003010250000000000000005259880000000000305011992530000000021091420005000000000442920
001010270000000000000000542380000000000305011992530000000062746600005000000001317679
001010090000000000000004228180000000000305011992530000000057091800005000000001198928
003000210000000000000003242680000000000305528161680000000005834430005000000000122523
003000210000000000000003252380000000000305528161680000000006326330005000000000132853
003000040000000000000000990880000000000306883720850000000000245150005000000000005148
003000040000000001111111990880000000000306883720850000000000076100004000000000000799
003000040000000000000000980480000000000306883720850000000003716710005000000000078051
001000040000000000000000757580000000000306754074160000000057824660005000000001214318
001000010000000000000002001980000000000307136789090000000007794140005000000000163677
001000240000000000000000468480000000000306813051290000000035839610005000000000752632
001000220000000000000000963080000000000306813051290000000004951650005000000000103985
001000710000000000000001328080000000000306446859060000000000509070005000000000010690
001000710000000000000001304880000000000306446859060000000001466090005000000000030788
001000070000000000000000457680000000000305038844250000000002525490005000000000053035
001000020000000000000000028280000000000307140844250000000001978050005000000000041539
003000120000000000000002637080000000000305053748660000000003809990005000000000080010
001000200000000000000000294980000000000305053748660000000035353560005000000000742425
001010220000000000000594552980000000000305736520840000000000588430005000000000012357
001010220000000000000594635680000000000305736520840000000000840460005000000000017650
001010220000000000000594685580000000000305736520840000000000569420005000000000011958
001020930000000000000666540780000000000306788143570000000000011320005000000000000238
001081030000000000001634073780000000000306394537380000000000197830005000000000004154
001055120000000000000226958780000000000306781864460000000000902640005000000000018956
001001010000000000000035936580000000000306906336350000000000190390005000000000003998
001001010000000001111135936580000000000306906336350000000000000100005000000000000002
001001010000000000000035898780000000000306906336350000000000637810005000000000013394
001001010000000001111135898780000000000306906336350000000000000680005000000000000014
001001010000000000000035899680000000000306906336350000000000355980005000000000007475
001001010000000001111135899680000000000306906336350000000000000310005000000000000007
001001010000000000000036486980000000000306906336350000000000634160005000000000013317
001001010000000000000036198280000000000306906336350000000000240550005000000000005051
001001010000000001111136198280000000000306906336350000000000000550005000000000000012
001001010000000000000035933280000000000306906336350000000000926210005000000000019451
001005010000000000000014198480000000000305005308510000000526485840005000000011056203
001005010000000000000014235080000000000305005308510000000492437030005000000010341178
001005010000000000000014235180000000000305005308510000000025873090005000000000543335
003005010000000000000006185580000000000305005308510000000024293660005000000000510167
003005010000000000000006216480000000000305005308510000000063047770005000000001324003
001005010000000000000014270480000000000305005308510000000458388210005000000009626152
001000240000000000000000474580000000000306813051290000000000455830005000000000009572
001000240000000000000000474380000000000306813051290000000001531410005000000000032160
001000040000000000000000392680000000000306039558420000000001404960005000000000029504
001000030000000000000000006780000000000232629364490000000031749390005000000000666737
001005010000000000000014366480000000000305005308510000000263242920005000000005528101
