00100007000000000000000034130000000000033100005000000000000695
00100007000000000000000034140000000001510370005000000000031718
00100007000000000000000034150000000001116130005000000000023439
00100007000000000000000034160000000000657050005000000000013798
00100007000000000000000034170000000010331720005000000000216966
00100007000000000000000034180000000000309790005000000000006506
00100007000000000000000034190000000000132230005000000000002777
00100007000000000000000034200000000010110780005000000000212326
00100007000000000000000034210000000000070810005000000000001487
00100007000000000000000034220000000000403920005000000000008482
00100007000000000000000034230000000000595710005000000000012510
00100007000000000000000034240000000000264470005000000000005554
00600007000000000000000010860000000000629390005000000000013217
00600007000000000000000010870000000000083070005000000000001744
00600007000000000000000010880000000000661170005000000000013885
00600007000000000000000010890000000000893680005000000000018767
00600007000000000000000010900000000000264470005000000000005554
00600007000000000000000010910000000000994980005000000000020895
00600007000000000000000010920000000003993930005000000000083873
00600007000000000000000010930000000000739340005000000000015526
00600007000000000000000010940000000001750170005000000000036753
00600007000000000000000010950000000000560080005000000000011762
00600007000000000000000010960000000016811400005000000000353040
00600007000000000000000010970000000002225750005000000000046741
00600007000000000000000010980000000000667730005000000000014022
00600007000000000000000010990000000000264470005000000000005554
00600007000000000000000011000000000000245450005000000000005155
00600007000000000000000011010000000002844300005000000000059730
00600007000000000000000011020000000002673020005000000000056133
00600007000000000000000011030000000001057880005000000000022215
00600007000000000000000011040000000000625540005000000000013136
00600007000000000000000011050000000001088930005000000000022867
00600007000000000000000011060000000001202360005000000000025249
00600007000000000000000011070000000000786940005000000000016526
00600007000000000000000011080000000006611740005000000000138846
00600007000000000000000011090000000002772520005000000000058223
00600007000000000000000011100000000000299190005000000000006283
00600007000000000000000011110000000003555370005000000000074663
00600007000000000000000011120000000000661170005000000000013885
00600007000000000000000011130000000001128610005000000000023701
00600007000000000000000011140000000002085250005000000000043790
00600007000000000000000011150000000000807020005000000000016948
00600007000000000000000011160000000000315700005000000000006630
00600007000000000000000011170000000001322350005000000000027769
00600007000000000000000011180000000005258230005000000000110423
00600007000000000000000011190000000000396700005000000000008331
00600007000000000000000011200000000011239950005000000000236039
00600007000000000000000011210000000001983520005000000000041654
00600007000000000000000011220000000000661170005000000000013885
00600007000000000000000011230000000000845700005000000000017760
00600004000000000000000014830000000005823160005000000000122286
00100007000000000000000034250000000003654300005000000000076740
00100007000000000000000034260000000000062670005000000000001316
00100007000000000000000034270000000000087120005000000000001829
00100007000000000000000034280000000000132140005000000000002775
00100007000000000000000034290000000000231820005000000000004868
00100007000000000000000034300000000000090810005000000000001907
00100007000000000000000034310000000000239820005000000000005036
00100007000000000000000034320000000000715120005000000000015018
00100007000000000000000034330000000000083300005000000000001749
00100007000000000000000034340000000000588850005000000000012366
00100007000000000000000034350000000000330630005000000000006943
00100007000000000000000034360000000001189670005000000000024983
00600007000000000000000011240000000001933880005000000000040612
00600007000000000000000011250000000001487600005000000000031240
00600007000000000000000011260000000000528940005000000000011108
00600007000000000000000011270000000000062850005000000000001320
00600007000000000000000011280000000000033760005000000000000709
00600007000000000000000011290000000001239860005000000000026037
00600004000000000000000014840000000011022900005000000000231481
00100007000000000000000034370000000000509290005000000000010695
00100007000000000000000034380000000067415350005000000001415722
00100007000000000000000034390000000000099250005000000000002084
00100007000000000000000034400000000000562420005000000000011811
00100007000000000000000034410000000008041230005000000000168866
00100007000000000000000034420000000000041360005000000000000869
00100007000000000000000034430000000009946250005000000000208871
00100007000000000000000034440000000000768610005000000000016141
00600007000000000000000011300000000004094630005000000000085987
00600004000000000000000014850000000005860340005000000000123067
00100007000000000000000034450000000002788850005000000000058566
00100007000000000000000034460000000000132240005000000000002777
00100007000000000000000034470000000000510790005000000000010726
00100007000000000000000034480000000000207120005000000000004350
00100007000000000000000034490000000000102560005000000000002154
00100007000000000000000034500000000000163660005000000000003437
00100007000000000000000034510000000001860160005000000000039063
00100007000000000000000034520000000000181900005000000000003820
00100007000000000000000034530000000000264470005000000000005554
00100007000000000000000034540000000481826440005000000010118355
00100007000000000000000034550000000000062600005000000000001315
00100007000000000000000034560000000000178390005000000000003746
00600007000000000000000011310000000000661420005000000000013890
00600004000000000000000014860000000007449590005000000000156441
00100007000000000000000034570000000003566210005000000000074890
00100007000000000000000034580000000000579550005000000000012171
00100007000000000000000034590000000000140900005000000000002959
00100007000000000000000034600000000000981000005000000000020601
00100007000000000000000034610000000000107480005000000000002257
00100007000000000000000034620000000001284980005000000000026984
00100007000000000000000034630000000000330630005000000000006943
00100007000000000000000034640000000000165090005000000000003467
00100007000000000000000034650000000000554060005000000000011635
00100007000000000000000034660000000000075170005000000000001579
00100007000000000000000034670000000000066100005000000000001388
00600007000000000000000011320000000000023840005000000000000501
00600007000000000000000011330000000001314200005000000000027598
00600007000000000000000011340000000003111700005000000000065346
00600007000000000000000011350000000003719400005000000000078108
00600004000000000000000014870000000005333060005000000000111994
00100007000000000000000034680000000000116640005000000000002449
00100007000000000000000034690000000000399220005000000000008384
00100007000000000000000034700000000000555380005000000000011663
00100007000000000000000034710000000000182490005000000000003832
00100007000000000000000034720000000002015550005000000000042326
00100007000000000000000034730000000013456090005000000000282578
00100007000000000000000034740000000000057950005000000000001217
00100007000000000000000034750000000000496100005000000000010418
00100007000000000000000034760000000000027330005000000000000574
00100007000000000000000034770000000000369510005000000000007760
00100007000000000000000034780000000000389170005000000000008172
00100007000000000000000034790000000000161570005000000000003393
00600007000000000000000011360000000000050320005000000000001057
00600007000000000000000011370000000002318800005000000000048695
00600007000000000000000011380000000001388450005000000000029157
00300007000000000000000000410000000000555380005000000000011663
00600004000000000000000014880000000005618190005000000000117982
00100007000000000000000034800000000000095100005000000000001997
00100007000000000000000034810000000000235330005000000000004942
00100007000000000000000034820000000000313640005000000000006586
00100007000000000000000034830000000000405080005000000000008507
00100007000000000000000034840000000000290250005000000000006095
00100007000000000000000034850000000003057880005000000000064215
00100007000000000000000034860000000000416530005000000000008747
00100007000000000000000034870000000000083350005000000000001750
00100007000000000000000034880000000000384500005000000000008074
00100007000000000000000034890000000000227280005000000000004773
00100007000000000000000034900000000001084110005000000000022766
00100007000000000000000034910000000007302860005000000000153360
00100007000000000000000034920000000005238860005000000000110016
00100007000000000000000034930000000000181540005000000000003812
00100007000000000000000034940000000006667280005000000000140013
00100007000000000000000034950000000003660730005000000000076875
00100007000000000000000034960000000000195990005000000000004116
00100007000000000000000034970000000001943800005000000000040820
00100007000000000000000034980000000000463020005000000000009723
00100007000000000000000034990000000007660170005000000000160864
00100007000000000000000035000000000000806980005000000000016947
00600007000000000000000011390000000005952090005000000000124994
00600004000000000000000014890000000008731410005000000000183360
00100007000000000000000035010000000000463140005000000000009726
00100007000000000000000035020000000000041350005000000000000868
00100007000000000000000035030000000000186000005000000000003906
00100007000000000000000035040000000013468600005000000000282840
00100007000000000000000035050000000001755380005000000000036863
00100007000000000000000035060000000018784920005000000000394483
00100007000000000000000035070000000000233690005000000000004908
00100007000000000000000035080000000000081820005000000000001718
00100007000000000000000035090000000001084110005000000000022766
00600007000000000000000011400000000000130580005000000000002742
00600004000000000000000014900000000004074390005000000000085562
00100007000000000000000035100000000001045450005000000000021955
00100007000000000000000035110000000000057850005000000000001215
00100007000000000000000035120000000000368800005000000000007745
00100007000000000000000035130000000000331240005000000000006956
00100007000000000000000035140000000001096790005000000000023032
00100007000000000000000035150000000000024820005000000000000521
00100007000000000000000035160000000001255780005000000000026371
00600007000000000000000011410000000000030910005000000000000649
00600007000000000000000011420000000000256210005000000000005380
00600004000000000000000014910000000005400010005000000000113400
00100007000000000000000035170000000000508400005000000000010676
00100007000000000000000035180000000000042150005000000000000885
00100007000000000000000035190000000000042150005000000000000885
00100007000000000000000035200000000157864160005000000003315147
00100007000000000000000035210000000000124590005000000000002616
00100007000000000000000035220000000000058260005000000000001224
00100007000000000000000035240000000007660170005000000000160864
00100007000000000000000035250000000002328740005000000000048903
00100007000000000000000035260000000000495970005000000000010415
00100007000000000000000035270000000000025170005000000000000528
00100007000000000000000035280000000000533110005000000000011195
00300007000000000000000000420000000007660170005000000000160864
00600004000000000000000014920000000004068690005000000000085442
00100007000000000000000035290000000000174330005000000000003661
00100007000000000000000035300000000000260860005000000000005478
00100007000000000000000035310000000000070530005000000000001481
00100007000000000000000035320000000000334380005000000000007022
00100007000000000000000035330000000002256360005000000000047384
00100007000000000000000035340000000000219640005000000000004612
00100007000000000000000035350000000000435550005000000000009146
00100007000000000000000035360000000000509290005000000000010695
00100007000000000000000035370000000001260240005000000000026465
00100007000000000000000035380000000000416530005000000000008747
00100007000000000000000035390000000001702550005000000000035753
00100007000000000000000035400000000000950450005000000000019960
00100007000000000000000035410000000000371940005000000000007811
00100007000000000000000035420000000001897060005000000000039838
00100007000000000000000035430000000001364390005000000000028652
00100007000000000000000035440000000000099970005000000000002099
00100007000000000000000035450000000000168760005000000000003544
00100007000000000000000035460000000000049590005000000000001041
00100007000000000000000035470000000000056210005000000000001180
00100007000000000000000035480000000000409020005000000000008590
00600007000000000000000011430000000000081130005000000000001704
00600007000000000000000011440000000000050040005000000000001051
00600007000000000000000011450000000004582900005000000000096241
00600004000000000000000014930000000010327290005000000000216873
00100007000000000000000035490000000000123990005000000000002604
00100007000000000000000035500000000001825760005000000000038341
00100007000000000000000035510000000000075000005000000000001575
00100007000000000000000035520000000000138850005000000000002916
00100007000000000000000035530000000000173730005000000000003648
00100007000000000000000035540000000001388450005000000000029157
00100007000000000000000035550000000003847180005000000000080791
00100007000000000000000035560000000000140500005000000000002950
00600007000000000000000011470000000000057880005000000000001216
00600007000000000000000011480000000000406610005000000000008539
00600007000000000000000011490000000003119830005000000000065517
00600007000000000000000011500000000005727660005000000000120281
00600007000000000000000011510000000000546000005000000000011466
00600007000000000000000011520000000001347310005000000000028293
00600004000000000000000014940000000005761170005000000000120985
00100007000000000000000035570000000249800580005000000005245812
00100007000000000000000035580000000000061220005000000000001286
00100007000000000000000035590000000000157740005000000000003312
00100007000000000000000035600000000003041480005000000000063871
00100007000000000000000035610000000000051240005000000000001076
00100007000000000000000035620000000000429750005000000000009025
00100007000000000000000035630000000000045960005000000000000965
00100007000000000000000035640000000000334380005000000000007022
00100007000000000000000035650000000000058660005000000000001232
00100007000000000000000035660000000000104130005000000000002187
00100007000000000000000035670000000219917360005000000004618264
00100007000000000000000035680000000000281490005000000000005911
00100007000000000000000035690000000003628260005000000000076194
00100007000000000000000035700000000000191070005000000000004013
00100007000000000000000035710000000438024040005000000009198505
00600007000000000000000011530000000000020680005000000000000434
00600007000000000000000011540000000000108180005000000000002272
00600004000000000000000014950000000007099190005000000000149083
00100007000000000000000035720000000000310100005000000000006512
00100007000000000000000035730000000000039680005000000000000833
00100007000000000000000035740000000001743640005000000000036616
00100007000000000000000035750000000000078820005000000000001655
00100007000000000000000035760000000000089210005000000000001874
00600007000000000000000011550000000000185970005000000000003905
00600004000000000000000014960000000006593410005000000000138462
00100007000000000000000035770000000000339070005000000000007120
00100007000000000000000035780000000000087160005000000000001830
00100007000000000000000035790000000000194370005000000000004082
00100007000000000000000035800000000000640520005000000000013451
00100007000000000000000035810000000000072150005000000000001515
00100007000000000000000035820000000002114460005000000000044404
00100007000000000000000035830000000000541400005000000000011370
00100007000000000000000035840000000000248730005000000000005223
00600007000000000000000011560000000000054440005000000000001143
00600007000000000000000011570000000000182160005000000000003825
00600007000000000000000011580000000046281100005000000000971903
00600004000000000000000014970000000007893400005000000000165762
00100007000000000000000035850000000000402280005000000000008448
00100007000000000000000035860000000000235750005000000000004951
00100007000000000000000035870000000000264380005000000000005552
00100007000000000000000035880000000000396750005000000000008332
00100007000000000000000035890000000000247930005000000000005207
00100007000000000000000035900000000000103310005000000000002170
00100007000000000000000035910000000001074400005000000000022562
00100007000000000000000035920000000071902570005000000001509954
00100007000000000000000035930000000002020690005000000000042434
00100007000000000000000035960000000322076500005000000006763607
00100007000000000000000035970000000000163110005000000000003425
00100007000000000000000035980000000000060390005000000000001268
00100007000000000000000035990000000005399360005000000000113386
00600007000000000000000011590000000000592340005000000000012439
00600004000000000000000014980000000007238870005000000000152016
00100007000000000000000036000000000000235610005000000000004948
00100007000000000000000036010000000000277480005000000000005827
00100007000000000000000036020000000000731790005000000000015367
00100007000000000000000036030000000002087250005000000000043832
00100007000000000000000036040000000000373720005000000000007848
00100007000000000000000036050000000000820670005000000000017234
00100007000000000000000036060000000000033500005000000000000704
00100007000000000000000036070000000000074980005000000000001575
00100007000000000000000036080000000000382650005000000000008036
00100007000000000000000036090000000003603630005000000000075676
00100007000000000000000036100000000000165790005000000000003481
00100007000000000000000036110000000000306450005000000000006435
00100007000000000000000036120000000001770610005000000000037183
00100007000000000000000036130000000000153390005000000000003221
00600007000000000000000011600000000004339210005000000000091124
00600004000000000000000014990000000008680170005000000000182283
00100007000000000000000036140000000001074980005000000000022574
00100007000000000000000036150000000000392630005000000000008245
00100007000000000000000036160000000000318880005000000000006696
00100007000000000000000036170000000001066120005000000000022389
00100007000000000000000036180000000000064630005000000000001357
00100007000000000000000036190000000000108170005000000000002272
00100007000000000000000036200000000001884340005000000000039571
00100007000000000000000036220000000000045500005000000000000956
00100007000000000000000036230000000000396850005000000000008334
00100007000000000000000036240000000000928680005000000000019502
00100007000000000000000036250000000000091410005000000000001920
00600007000000000000000011610000000000029220005000000000000614
00600007000000000000000011620000000000934070005000000000019616
00600007000000000000000011630000000002316170005000000000048639
00600007000000000000000011640000000006165970005000000000129485
00600004000000000000000015000000000008085950005000000000169805
00100007000000000000000036260000000000102560005000000000002154
00100007000000000000000036270000000000037940005000000000000797
00100007000000000000000036280000000000037940005000000000000797
00100007000000000000000036290000000001444830005000000000030342
00100007000000000000000036300000000000810210005000000000017014
00100007000000000000000036310000000000298090005000000000006260
00100007000000000000000036320000000001628720005000000000034203
00100007000000000000000036330000000000681920005000000000014320
00300007000000000000000000430000000000037940005000000000000797
00600004000000000000000015010000000004876050005000000000102397
00100007000000000000000036340000000000069420005000000000001458
00100007000000000000000036350000000000138850005000000000002916
00100007000000000000000036360000000000082640005000000000001735
00100007000000000000000036370000000000049170005000000000001033
00100007000000000000000036380000000003582850005000000000075240
00100007000000000000000036390000000028925740005000000000607441
00100007000000000000000036400000000000066730005000000000001401
00100007000000000000000036410000000083418550005000000001751790
00100007000000000000000036420000000000074350005000000000001561
00100007000000000000000036430000000083418550005000000001751790
00100007000000000000000036440000000001954990005000000000041055
00100007000000000000000036450000000000298190005000000000006262
00100007000000000000000036460000000000396850005000000000008334
00600007000000000000000011650000000003274030005000000000068755
00600007000000000000000011660000000003293180005000000000069157
00600007000000000000000011670000000005966210005000000000125291
00600007000000000000000011690000000001963790005000000000041240
00300007000000000000000000440000000083418550005000000001751790
00800007000000000000000000090000000001963790005000000000041240
00600004000000000000000015020000000009890100005000000000207692
00100007000000000000000036470000000000074730005000000000001569
00100007000000000000000036480000000000235610005000000000004948
00100007000000000000000036490000000001086660005000000000022820
00100007000000000000000036500000000000694230005000000000014579
00100007000000000000000036510000000000079340005000000000001666
00100007000000000000000036520000000000244160005000000000005127
00100007000000000000000036530000000000153140005000000000003216
00100007000000000000000036540000000000548910005000000000011527
00100007000000000000000036550000000291551890005000000006122590
00100007000000000000000036560000000000099250005000000000002084
00100007000000000000000036570000000000079020005000000000001660
00100007000000000000000036580000000000056200005000000000001180
00600004000000000000000015030000000010660340005000000000223867
00100007000000000000000036590000000000389880005000000000008187
00100007000000000000000036600000000000256210005000000000005380
00100007000000000000000036610000000000138850005000000000002916
00100007000000000000000036620000000005487930005000000000115246
00100007000000000000000036630000000000038020005000000000000798
00100007000000000000000036640000000000165320005000000000003472
00100007000000000000000036650000000065140910005000000001367959
00100007000000000000000036660000000000537240005000000000011282
00100007000000000000000036670000000000588840005000000000012366
00600007000000000000000011700000000002089220005000000000043874
00600004000000000000000015040000000007329760005000000000153925
00100007000000000000000036680000000001808450005000000000037977
00100007000000000000000036690000000000068610005000000000001441
00100007000000000000000036700000000000470660005000000000009884
00100007000000000000000036710000000061756640005000000001296890
00100007000000000000000036720000000294178530005000000006177749
00100007000000000000000036730000000000277690005000000000005831
00100007000000000000000036740000000000021490005000000000000451
00100007000000000000000036750000000000298060005000000000006259
00100007000000000000000036770000000031683940005000000000665363
00600007000000000000000011710000000000173830005000000000003650
00300007000000000000000000450000000291551890005000000006122590
00600004000000000000000015050000000008645480005000000000181555
00100007000000000000000036780000000000509290005000000000010695
00100007000000000000000036790000000006327930005000000000132887
00100007000000000000000036800000000000102560005000000000002154
00100007000000000000000036810000000008281310005000000000173908
00100007000000000000000036820000000000350410005000000000007359
00100007000000000000000036830000000000028950005000000000000608
00100007000000000000000036840000000000277690005000000000005831
00100007000000000000000036850000000000237690005000000000004991
00100007000000000000000036860000000143805140005000000003019908
00100007000000000000000036870000000000514930005000000000010813
00100007000000000000000036880000000001397310005000000000029343
00100007000000000000000036890000000330864460005000000006948154
00100007000000000000000036900000000000083380005000000000001751
00600007000000000000000011720000000000083310005000000000001749
00600007000000000000000011730000000000351400005000000000007379
00600007000000000000000011740000000040168860005000000000843546
00600007000000000000000011750000000000991940005000000000020831
00600004000000000000000015060000000004670260005000000000098075
00600005000000000000000104810000000000082690005000000000001737
00600005000000000000000104820000000000154790005000000000003251
00600005000000000000000104830000000000652670005000000000013706
00600005000000000000000104840000000000389880005000000000008187
00600005000000000000000104850000000000661150005000000000013884
00600005000000000000000104860000000000529240005000000000011114
00600005000000000000000104870000000002911050005000000000061132
00600005000000000000000104880000000000264450005000000000005554
00600005000000000000000104890000000000640880005000000000013458
00600005000000000000000104900000000000693920005000000000014572
00600005000000000000000104910000000000661150005000000000013884
00600005000000000000000104920000000000158680005000000000003332
00100005000000000000000056620000000000264620005000000000005557
00600005000000000000000104930000000000814340005000000000017101
00600005000000000000000104940000000000049740005000000000001045
00600005000000000000000104950000000001057930005000000000022217
00600005000000000000000104960000000000103400005000000000002172
00600005000000000000000104970000000000578630005000000000012151
00600005000000000000000104980000000000102560005000000000002154
00600005000000000000000104990000000000973830005000000000020451
00600005000000000000000105000000000000235610005000000000004948
00600005000000000000000105010000000002652980005000000000055713
00600005000000000000000105020000000001652930005000000000034712
00600005000000000000000105030000000000575260005000000000012080
00600005000000000000000105040000000002203100005000000000046265
00600005000000000000000105050000000000367810005000000000007724
00100005000000000000000056640000000000264620005000000000005557
00600005000000000000000105060000000001157360005000000000024304
00600005000000000000000105070000000000392150005000000000008235
00600005000000000000000105080000000000466920005000000000009805
00600005000000000000000105090000000001900990005000000000039921
00600005000000000000000105100000000000925790005000000000019442
00600005000000000000000105110000000000518260005000000000010884
00600005000000000000000105120000000000181890005000000000003820
00600005000000000000000105130000000000221280005000000000004647
00100005000000000000000056660000000003884470005000000000081574
00100005000000000000000056670000000000277830005000000000005834
00100005000000000000000056680000000000264460005000000000005554
00100006000000000000000001880000000025000000005000000000525000
00100006000000000000000001890000000021695000005000000000455595
00100006000000000000000001900000000045050000005000000000946050
00100006000000000000000001910000000012100000005000000000254100
00100006000000000000000001920000000008000000005000000000168000
00600005000000000000000105140000000001144770005000000000024040
00600005000000000000000105150000000000062110005000000000001304
00600005000000000000000105160000000000297500005000000000006247
00600005000000000000000105170000000000132230005000000000002777
00600005000000000000000105180000000001851150005000000000038874
00600005000000000000000105190000000000267850005000000000005625
00600005000000000000000105200000000001404980005000000000029505
00600005000000000000000105210000000000289550005000000000006081
00600005000000000000000105220000000000940860005000000000019758
00600005000000000000000105230000000000103400005000000000002172
00600005000000000000000105240000000000338990005000000000007119
00600005000000000000000105250000000000078530005000000000001649
00600005000000000000000105260000000000471070005000000000009892
00600005000000000000000105270000000004623450005000000000097092
00600005000000000000000105280000000000103350005000000000002170
00600005000000000000000105290000000000495790005000000000010411
00600005000000000000000105300000000000032950005000000000000692
00100005000000000000000056690000000000455060005000000000009556
00600005000000000000000105310000000000152730005000000000003207
00600005000000000000000105320000000000874370005000000000018362
00600005000000000000000105330000000000493490005000000000010363
00600005000000000000000105340000000000237440005000000000004986
00600005000000000000000105350000000000909510005000000000019100
00600005000000000000000105360000000000214960005000000000004514
00600005000000000000000105370000000000193180005000000000004057
00600005000000000000000105380000000000165260005000000000003471
00600005000000000000000105390000000006223750005000000000130699
00600005000000000000000105400000000000292930005000000000006151
00600005000000000000000105410000000000099550005000000000002090
00600005000000000000000105420000000000400920005000000000008419
00600005000000000000000105430000000000103530005000000000002174
00600005000000000000000105440000000000264620005000000000005557
00600005000000000000000105450000000002322090005000000000048764
00100005000000000000000056700000000000555670005000000000011669
00100005000000000000000056710000000001250260005000000000026255
00100005000000000000000056720000000000138920005000000000002917
00100005000000000000000056730000000000555670005000000000011669
00100005000000000000000056740000000000161160005000000000003384
00100005000000000000000056750000000000555670005000000000011669
00100005000000000000000056760000000000138920005000000000002917
00600005000000000000000105470000000000102560005000000000002154
00600005000000000000000105480000000000020660005000000000000434
00600005000000000000000105490000000000004340005000000000000091
00600005000000000000000105500000000000311900005000000000006550
00600005000000000000000105510000000000578860005000000000012156
00600005000000000000000105520000000002479390005000000000052067
00600005000000000000000105530000000000366830005000000000007703
00600005000000000000000105540000000000090910005000000000001909
00600005000000000000000105550000000000276870005000000000005814
00600005000000000000000105560000000001160520005000000000024371
00600005000000000000000105570000000000124260005000000000002609
00600005000000000000000105580000000000247910005000000000005206
00600005000000000000000105590000000000102560005000000000002154
00600005000000000000000105600000000000744350005000000000015631
00600005000000000000000105610000000000247930005000000000005207
00100001000000000000000056720000000001785600005000000000037497
00100001000000000000000056730000000000529020005000000000011110
00100001000000000000000056740000000000029050005000000000000610
00600005000000000000000105620000000000411630005000000000008644
00600005000000000000000105630000000000124070005000000000002605
00600005000000000000000105640000000000239660005000000000005033
00600005000000000000000105650000000002809930005000000000059009
00600005000000000000000105660000000000205120005000000000004308
00600005000000000000000105670000000000694320005000000000014581
00600005000000000000000105680000000000156870005000000000003294
00600005000000000000000105690000000000299960005000000000006299
00600005000000000000000105700000000000102560005000000000002154
00600005000000000000000105710000000000123650005000000000002597
00600005000000000000000105720000000000496120005000000000010419
00600005000000000000000105730000000000124110005000000000002606
00600005000000000000000105740000000000309980005000000000006510
00600005000000000000000105750000000000148760005000000000003124
00100001000000000000000056750000000001475410005000000000030984
00600005000000000000000105760000000000553740005000000000011628
00600005000000000000000105770000000000380400005000000000007988
00600005000000000000000105780000000000495820005000000000010412
00600005000000000000000105790000000000123950005000000000002603
00600005000000000000000105800000000000276870005000000000005814
00600005000000000000000105810000000000198480005000000000004168
00600005000000000000000105820000000001095870005000000000023013
00600005000000000000000105830000000003388450005000000000071157
00600005000000000000000105840000000004362780005000000000091618
00600005000000000000000105850000000000570230005000000000011975
00600005000000000000000105860000000000155950005000000000003275
00600005000000000000000105870000000000123950005000000000002603
00600005000000000000000105880000000000495940005000000000010415
00600005000000000000000105890000000000103250005000000000002168
00600005000000000000000105900000000000247910005000000000005206
00600005000000000000000105910000000000296030005000000000006217
00600005000000000000000105920000000000138270005000000000002904
00600005000000000000000105930000000000136500005000000000002866
00600005000000000000000105940000000000222580005000000000004674
00600005000000000000000105950000000003636400005000000000076365
00600005000000000000000105960000000000520720005000000000010935
00100001000000000000000056760000000000347570005000000000007299
00100005000000000000000056770000000002578830005000000000054155
00600005000000000000000105970000000000052690005000000000001106
00600005000000000000000105980000000000102560005000000000002154
00600005000000000000000105990000000000676860005000000000014214
00600005000000000000000106000000000000995830005000000000020912
00600005000000000000000106010000000000214960005000000000004514
00600005000000000000000106020000000000103290005000000000002169
00600005000000000000000106030000000000123950005000000000002603
00100005000000000000000056780000000001360600005000000000028573
00100005000000000000000056790000000000434130005000000000009117
00600005000000000000000106040000000000144010005000000000003024
00600005000000000000000106050000000010412600005000000000218665
00600005000000000000000106060000000000123950005000000000002603
00600005000000000000000106070000000000057980005000000000001217
00600005000000000000000106080000000000329550005000000000006920
00600005000000000000000106090000000000020570005000000000000432
00600005000000000000000106100000000000093430005000000000001962
00600005000000000000000106110000000000726280005000000000015252
00600005000000000000000106120000000000171120005000000000003594
00600005000000000000000106130000000001297960005000000000027257
00600005000000000000000106140000000000256290005000000000005382
00600005000000000000000106150000000000056480005000000000001186
00600005000000000000000106160000000000285180005000000000005989
00600005000000000000000106170000000000630530005000000000013241
00600005000000000000000106180000000003520790005000000000073936
00600005000000000000000106190000000000136170005000000000002860
00600005000000000000000106200000000000272360005000000000005719
00600005000000000000000106210000000000309930005000000000006509
00100005000000000000000056800000000007776450005000000000163305
00100005000000000000000056810000000003900870005000000000081918
00100005000000000000000056820000000000090910005000000000001909
00100005000000000000000056830000000000091070005000000000001912
00100005000000000000000056840000000003791700005000000000079626
00600005000000000000000106220000000000119830005000000000002517
00600005000000000000000106230000000000078430005000000000001647
00600005000000000000000106240000000000330650005000000000006944
00600005000000000000000106260000000000331070005000000000006953
00600005000000000000000106280000000000281000005000000000005901
00600005000000000000000106290000000001611570005000000000033843
00600005000000000000000106300000000000099220005000000000002084
00600005000000000000000106310000000000004170005000000000000087
00600005000000000000000106320000000002479880005000000000052078
00600005000000000000000106330000000000545680005000000000011459
00600005000000000000000106340000000000318340005000000000006685
00600005000000000000000106350000000002281550005000000000047913
00600005000000000000000106360000000007856330005000000000164983
00100005000000000000000056850000000000124100005000000000002606
00600005000000000000000106370000000000467030005000000000009808
00600005000000000000000106380000000000215260005000000000004520
00600005000000000000000106390000000000272360005000000000005719
00600005000000000000000106400000000000157020005000000000003297
00600005000000000000000106410000000000334850005000000000007032
00600005000000000000000106420000000000124150005000000000002607
00600005000000000000000106430000000001143080005000000000024005
00600005000000000000000106440000000007438170005000000000156201
00600005000000000000000106450000000008745690005000000000183660
00600005000000000000000106460000000000138920005000000000002917
00600005000000000000000106470000000000532480005000000000011182
00600005000000000000000106490000000007438140005000000000156201
00600005000000000000000106500000000001767440005000000000037116
00600005000000000000000106510000000000090910005000000000001909
00600005000000000000000106520000000000149010005000000000003129
00600005000000000000000106530000000000324630005000000000006817
00600005000000000000000106540000000005975030005000000000125476
00600005000000000000000106550000000000107390005000000000002255
00600005000000000000000106560000000000390550005000000000008202
00600005000000000000000106570000000000198350005000000000004165
00600005000000000000000106580000000000578490005000000000012148
00600005000000000000000106590000000000833120005000000000017495
00600005000000000000000106600000000000181790005000000000003817
00600005000000000000000106610000000000136980005000000000002877
00600005000000000000000106620000000000805790005000000000016921
00100005000000000000000056860000000000723170005000000000015187
00100005000000000000000056870000000002727420005000000000057276
00600005000000000000000106630000000006405180005000000000134509
00600005000000000000000106640000000000243760005000000000005119
00600005000000000000000106650000000000843990005000000000017724
00600005000000000000000106660000000000155950005000000000003275
00600005000000000000000106670000000000165620005000000000003478
00600005000000000000000106680000000000157120005000000000003300
00600005000000000000000106690000000000123950005000000000002603
00600005000000000000000106700000000000400340005000000000008407
00600005000000000000000106710000000005483440005000000000115152
00600005000000000000000106720000000001404960005000000000029504
00600005000000000000000106730000000000197850005000000000004155
00600005000000000000000106740000000000759380005000000000015947
00600005000000000000000106750000000000155430005000000000003264
00600005000000000000000106760000000000280740005000000000005895
00600005000000000000000106770000000001710480005000000000035920
00600005000000000000000106780000000001043290005000000000021909
00100005000000000000000056880000000000409020005000000000008589
00100005000000000000000056890000000000272840005000000000005730
00100005000000000000000056900000000002467250005000000000051812
00100005000000000000000056910000000005289580005000000000111081
00100005000000000000000056920000000001636450005000000000034365
00600005000000000000000106790000000016256540005000000000341387
00600005000000000000000106800000000000479550005000000000010071
00600005000000000000000106810000000000123950005000000000002603
00600005000000000000000106820000000005369320005000000000112756
00600005000000000000000106830000000000086550005000000000001817
00600005000000000000000106840000000001145740005000000000024061
00600005000000000000000106850000000017107050005000000000359248
00600005000000000000000106860000000000078530005000000000001649
00600005000000000000000106870000000000123950005000000000002603
00600005000000000000000106880000000000049800005000000000001046
00600005000000000000000106890000000000165220005000000000003470
00600005000000000000000106900000000000136500005000000000002866
00600005000000000000000106910000000006197510005000000000130148
00600005000000000000000106920000000000413750005000000000008689
00600005000000000000000106930000000002368980005000000000049749
00600005000000000000000106940000000000123950005000000000002603
00100005000000000000000056930000000000838880005000000000017616
00600005000000000000000106950000000000270740005000000000005686
00600005000000000000000106960000000011162540005000000000234413
00600005000000000000000106970000000000276800005000000000005813
00600005000000000000000106980000000004165100005000000000087467
00600005000000000000000106990000000000247910005000000000005206
00600005000000000000000107000000000003311420005000000000069540
00600005000000000000000107010000000000202600005000000000004254
00600005000000000000000107020000000000247910005000000000005206
00600005000000000000000107030000000000643330005000000000013510
00100005000000000000000056940000000008449400005000000000177437
00100005000000000000000056950000000000207010005000000000004347
00100005000000000000000056960000000005620100005000000000118022
00100005000000000000000056970000000000066310005000000000001393
00600005000000000000000107040000000000020720005000000000000435
00600005000000000000000107050000000002396790005000000000050333
00600005000000000000000107060000000000181820005000000000003818
00600005000000000000000107070000000000124260005000000000002610
00600005000000000000000107080000000000502100005000000000010544
00600005000000000000000107090000000000619770005000000000013015
00600005000000000000000107100000000000123950005000000000002603
00600005000000000000000107110000000000165450005000000000003475
00600005000000000000000107120000000002981650005000000000062615
00600005000000000000000107130000000000078430005000000000001647
00600005000000000000000107140000000001305470005000000000027415
00600005000000000000000107150000000000123950005000000000002603
00600005000000000000000107160000000000661220005000000000013886
00600005000000000000000107170000000000256450005000000000005386
00600005000000000000000107180000000000710770005000000000014926
00600005000000000000000107190000000000197540005000000000004148
00600005000000000000000107200000000001471120005000000000030893
00600005000000000000000107210000000000214960005000000000004514
00600005000000000000000107220000000000493140005000000000010356
00100005000000000000000056980000000000091120005000000000001914
00100005000000000000000056990000000002396960005000000000050336
00100005000000000000000057000000000000078620005000000000001651
00100005000000000000000057010000000002810440005000000000059019
00100005000000000000000057020000000000289420005000000000006078
00100005000000000000000057030000000000207230005000000000004352
00100005000000000000000057040000000000090910005000000000001909
00600005000000000000000107230000000000461600005000000000009694
00600005000000000000000107240000000000743800005000000000015620
00600005000000000000000107250000000004297020005000000000090238
00600005000000000000000107270000000000512920005000000000010771
00600005000000000000000107280000000000272680005000000000005726
00600005000000000000000107290000000000405580005000000000008517
00600005000000000000000107300000000001597000005000000000033537
00600005000000000000000107310000000000421690005000000000008856
00600005000000000000000107320000000000512400005000000000010760
00600005000000000000000107330000000000442300005000000000009288
00600005000000000000000107350000000000272930005000000000005732
00100005000000000000000057050000000002785330005000000000058492
00100005000000000000000057060000000000049670005000000000001043
00600005000000000000000107360000000010330600005000000000216943
00600005000000000000000107370000000000123950005000000000002603
00600005000000000000000107380000000000429770005000000000009025
00600005000000000000000107390000000000343230005000000000007208
00600005000000000000000107400000000000331140005000000000006954
00600005000000000000000107410000000000181610005000000000003814
00600005000000000000000107420000000000214960005000000000004514
00600005000000000000000107430000000000136660005000000000002870
00600005000000000000000107440000000000008330005000000000000175
00600005000000000000000107450000000000136500005000000000002866
00600005000000000000000107460000000000512420005000000000010761
00600005000000000000000107470000000000132150005000000000002775
00600005000000000000000107480000000006198470005000000000130168
00600005000000000000000107490000000000090910005000000000001909
00600005000000000000000107500000000000136340005000000000002863
00600005000000000000000107510000000011735950005000000000246455
00600005000000000000000107520000000000074580005000000000001566
00600005000000000000000107530000000004694380005000000000098582
00100005000000000000000057070000000000330640005000000000006943
00100005000000000000000057080000000000599350005000000000012586
00100005000000000000000057090000000000819190005000000000017203
00100005000000000000000057100000000001364190005000000000028648
00100005000000000000000057110000000000090910005000000000001909
00100005000000000000000057120000000000826790005000000000017363
00600005000000000000000107540000000000811490005000000000017041
00600005000000000000000107550000000000256150005000000000005379
00600005000000000000000107560000000008215170005000000000172518
00600005000000000000000107570000000000033110005000000000000695
00600005000000000000000107580000000000004170005000000000000087
00600005000000000000000107590000000000264620005000000000005557
00600005000000000000000107600000000000384450005000000000008074
00600005000000000000000107610000000001076260005000000000022601
00600005000000000000000107620000000000843170005000000000017707
00600005000000000000000107630000000000681640005000000000014315
00600005000000000000000107640000000000498370005000000000010466
00600005000000000000000107650000000000640380005000000000013448
00600005000000000000000107660000000000595040005000000000012496
00600005000000000000000107670000000000619910005000000000013018
00600005000000000000000107680000000005124150005000000000107607
00100005000000000000000057130000000000090910005000000000001909
00600005000000000000000107690000000000049650005000000000001043
00600005000000000000000107700000000000660740005000000000013876
00600005000000000000000107710000000000126400005000000000002655
00600005000000000000000107720000000000545610005000000000011458
00600005000000000000000107730000000016529770005000000000347125
00600005000000000000000107740000000000889690005000000000018684
00600005000000000000000107760000000000132310005000000000002778
00600005000000000000000107770000000000292560005000000000006144
00600005000000000000000107780000000000728510005000000000015299
00600005000000000000000107790000000000230310005000000000004836
00600005000000000000000107800000000000462870005000000000009720
00600005000000000000000107810000000000723270005000000000015189
00600005000000000000000107820000000000181790005000000000003817
00600005000000000000000107830000000000074350005000000000001561
00600005000000000000000107840000000000064140005000000000001347
00600005000000000000000107850000000000619890005000000000013018
00600005000000000000000107860000000000512920005000000000010771
00600005000000000000000107870000000000177770005000000000003733
00600005000000000000000107880000000000157050005000000000003298
00600005000000000000000107890000000001529280005000000000032115
00600005000000000000000107900000000001250520005000000000026261
00600005000000000000000107910000000012562190005000000000263806
00100005000000000000000057140000000000464340005000000000009751
00600005000000000000000107920000000000147850005000000000003105
00600005000000000000000107930000000000013370005000000000000281
00600005000000000000000107940000000000413400005000000000008682
00600005000000000000000107950000000000082640005000000000001736
00600005000000000000000107960000000000128230005000000000002693
00600005000000000000000107970000000000136340005000000000002863
00600005000000000000000107980000000002331160005000000000048954
00600005000000000000000107990000000000165820005000000000003482
00600005000000000000000108000000000000413040005000000000008674
00600005000000000000000108010000000003966880005000000000083304
00600005000000000000000108020000000000264300005000000000005550
00600005000000000000000108030000000000494930005000000000010394
00600005000000000000000108040000000000412660005000000000008666
00600005000000000000000108050000000000109090005000000000002291
00600005000000000000000108060000000000144550005000000000003035
00600005000000000000000108070000000004561880005000000000095799
00600005000000000000000108080000000000200630005000000000004213
00600005000000000000000108090000000000450490005000000000009460
00600005000000000000000108100000000000676860005000000000014214
00600005000000000000000108110000000001318160005000000000027681
00600005000000000000000108120000000000640610005000000000013453
00600005000000000000000108130000000001091360005000000000022918
00600005000000000000000108140000000002157120005000000000045300
00600005000000000000000108160000000001909300005000000000040095
00600005000000000000000108170000000000189740005000000000003984
00100005000000000000000057150000000000128230005000000000002693
00600005000000000000000108180000000000256450005000000000005386
00600005000000000000000108190000000000033100005000000000000695
00600005000000000000000108200000000000272360005000000000005719
00600005000000000000000108210000000003236450005000000000067966
00600005000000000000000108220000000000056210005000000000001181
00600005000000000000000108230000000000322310005000000000006769
00600005000000000000000108240000000000256150005000000000005379
00600005000000000000000108250000000000062020005000000000001303
00600005000000000000000108260000000000086430005000000000001815
00600005000000000000000108270000000000384450005000000000008074
00600005000000000000000108280000000000827010005000000000017367
00600005000000000000000108290000000005991630005000000000125824
00600005000000000000000108300000000001016480005000000000021346
00600005000000000000000108310000000001636360005000000000034364
00600005000000000000000108320000000000077980005000000000001637
00600005000000000000000108330000000000524820005000000000011021
00600005000000000000000108350000000000681690005000000000014316
00600005000000000000000108360000000004132420005000000000086781
00600005000000000000000108370000000000055870005000000000001173
00600005000000000000000108380000000000912980005000000000019173
00600005000000000000000108390000000001247930005000000000026207
00600005000000000000000108400000000000123650005000000000002597
00600005000000000000000108410000000000129260005000000000002714
00600005000000000000000108420000000000641140005000000000013464
00600005000000000000000108430000000000520660005000000000010934
00600005000000000000000108440000000000198550005000000000004170
00600005000000000000000108450000000000128150005000000000002691
00600005000000000000000108460000000000070320005000000000001477
00600005000000000000000108470000000000289570005000000000006081
00600005000000000000000108480000000000396450005000000000008325
00600005000000000000000108490000000000128230005000000000002693
00600005000000000000000108500000000001281370005000000000026909
00600005000000000000000108510000000000107320005000000000002254
00600005000000000000000108520000000006195290005000000000130101
00600005000000000000000108530000000000194330005000000000004081
00600005000000000000000108540000000006488120005000000000136251
00600005000000000000000108550000000000123950005000000000002603
00600005000000000000000108560000000000128150005000000000002691
00600005000000000000000108570000000000363640005000000000007636
00600005000000000000000108580000000000136660005000000000002870
00600005000000000000000108590000000000527600005000000000011080
00600005000000000000000108600000000000132150005000000000002775
00600005000000000000000108610000000000512310005000000000010758
00600005000000000000000108620000000004760500005000000000099970
00600005000000000000000108630000000000033100005000000000000695
00100005000000000000000057160000000002863760005000000000060139
00100005000000000000000057170000000000256160005000000000005379
00600005000000000000000108640000000000826490005000000000017356
00600005000000000000000108650000000000880210005000000000018484
00600005000000000000000108660000000001707050005000000000035848
00600005000000000000000108670000000000214960005000000000004514
00600005000000000000000108680000000001321170005000000000027744
00600005000000000000000108690000000000256450005000000000005386
00600005000000000000000108700000000000087110005000000000001829
00600005000000000000000108710000000000442040005000000000009283
00600005000000000000000108720000000000087810005000000000001844
00600005000000000000000108730000000000809240005000000000016994
00600005000000000000000108740000000000190170005000000000003993
00600005000000000000000108750000000001251750005000000000026287
00600005000000000000000108760000000002438660005000000000051212
00600005000000000000000108770000000000818220005000000000017183
00600005000000000000000108780000000000400880005000000000008418
00600005000000000000000108790000000000185360005000000000003892
00600005000000000000000108800000000005024880005000000000105522
00600005000000000000000108810000000000545680005000000000011459
00600005000000000000000108820000000000541490005000000000011371
00600005000000000000000108830000000000124110005000000000002606
00600005000000000000000108840000000000049720005000000000001044
00600005000000000000000108850000000000037160005000000000000780
00600005000000000000000108860000000000622310005000000000013069
00600005000000000000000108870000000000198210005000000000004162
00600005000000000000000108880000000000220720005000000000004635
00600005000000000000000108890000000000049790005000000000001045
