00100007000000000000000028880000000011225340005000000000235732
00600007000000000000000008690000000000396700005000000000008331
00600007000000000000000008700000000004628210005000000000097193
00600007000000000000000008710000000000067690005000000000001421
00600007000000000000000008720000000001137120005000000000023880
00600007000000000000000008730000000013606930005000000000285746
00600007000000000000000008740000000001322350005000000000027769
00600007000000000000000008750000000000349210005000000000007334
00600007000000000000000008760000000001685830005000000000035402
00600007000000000000000008770000000000396700005000000000008331
00600007000000000000000008780000000000396700005000000000008331
00600007000000000000000008790000000000396700005000000000008331
00600007000000000000000008800000000005122930005000000000107582
00600007000000000000000008810000000001167400005000000000024515
00600007000000000000000008820000000010666120005000000000223988
00600007000000000000000008830000000000702150005000000000014745
00600007000000000000000008840000000000984790005000000000020681
00600007000000000000000008850000000000813720005000000000017088
00600007000000000000000008860000000000330600005000000000006943
00600007000000000000000008870000000003039920005000000000063838
00600007000000000000000008880000000000710700005000000000014925
00600007000000000000000008890000000005685620005000000000119398
00600007000000000000000008900000000002776930005000000000058315
00600007000000000000000008910000000000284280005000000000005970
00600007000000000000000008920000000000925640005000000000019439
00600007000000000000000008930000000003967040005000000000083308
00600007000000000000000008940000000002023880005000000000042502
00600007000000000000000008950000000001142850005000000000024000
00600007000000000000000008960000000002195180005000000000046099
00600007000000000000000008970000000000661170005000000000013885
00600007000000000000000008980000000000072000005000000000001512
00600007000000000000000008990000000006611740005000000000138846
00600007000000000000000009000000000000476030005000000000009997
00600007000000000000000009010000000000039050005000000000000820
00600007000000000000000009020000000000706610005000000000014839
00600007000000000000000009030000000000824130005000000000017307
00600007000000000000000009040000000000285620005000000000005998
00600007000000000000000009050000000006428530005000000000134999
00600007000000000000000009060000000000733020005000000000015393
00600007000000000000000009070000000001586820005000000000033323
00600007000000000000000009080000000128939800005000000002707736
00600004000000000000000014340000000009967770005000000000209323
00100007000000000000000028890000000002644690005000000000055538
00100007000000000000000028900000000013223470005000000000277693
00100007000000000000000028910000000000199500005000000000004189
00100007000000000000000028920000000004171990005000000000087612
00100007000000000000000028930000000003499610005000000000073492
00100007000000000000000028940000000000483510005000000000010154
00100007000000000000000028950000000026446930005000000000555386
00100007000000000000000028960000000001079850005000000000022677
00100007000000000000000028970000000048520220005000000001018925
00100007000000000000000028980000000000479360005000000000010066
00100007000000000000000028990000000000070260005000000000001475
00100007000000000000000029000000000003979340005000000000083566
00100007000000000000000029010000000000227280005000000000004773
00100007000000000000000029020000000031065390005000000000652373
00100007000000000000000029030000000003759680005000000000078953
00100007000000000000000029040000000001057880005000000000022215
00100007000000000000000029050000000000161170005000000000003384
00100007000000000000000029070000000000219070005000000000004600
00100007000000000000000029080000000000144640005000000000003037
00600007000000000000000009090000000000111660005000000000002345
00600007000000000000000009100000000000528940005000000000011108
00600007000000000000000009110000000000095050005000000000001996
00600004000000000000000014350000000011196700005000000000235131
00100007000000000000000029090000000000508390005000000000010676
00100007000000000000000029100000000000095080005000000000001997
00100007000000000000000029110000000000247980005000000000005208
00100007000000000000000029120000000000016480005000000000000346
00100007000000000000000029130000000000132230005000000000002777
00100007000000000000000029140000000001057880005000000000022215
00100007000000000000000029150000000000545490005000000000011455
00100007000000000000000029160000000000206710005000000000004341
00100007000000000000000029170000000000396700005000000000008331
00100007000000000000000029180000000000272970005000000000005732
00100007000000000000000029190000000000495980005000000000010416
00100007000000000000000029200000000000095050005000000000001996
00100007000000000000000029210000000005454830005000000000114551
00600007000000000000000009120000000000352640005000000000007406
00600007000000000000000009130000000003661550005000000000076892
00600007000000000000000009140000000000078480005000000000001648
00600007000000000000000009150000000000487600005000000000010240
00600007000000000000000009160000000002394510005000000000050285
00600007000000000000000009170000000000221490005000000000004651
00600004000000000000000014360000000011494230005000000000241379
00100007000000000000000029220000000000264470005000000000005554
00100007000000000000000029230000000001983520005000000000041654
00100007000000000000000029240000000000925940005000000000019445
00100007000000000000000029250000000000147520005000000000003098
00100007000000000000000029260000000000909740005000000000019104
00100007000000000000000029270000000001057880005000000000022215
00100007000000000000000029280000000000045960005000000000000965
00100007000000000000000029290000000000032720005000000000000687
00100007000000000000000029300000000000098340005000000000002065
00100007000000000000000029310000000000771980005000000000016212
00100007000000000000000029320000000000436690005000000000009170
00100007000000000000000029330000000000264470005000000000005554
00100007000000000000000029340000000003071680005000000000064505
00600007000000000000000009180000000000029440005000000000000618
00600007000000000000000009190000000000103310005000000000002170
00600007000000000000000009200000000001101740005000000000023136
00600007000000000000000009210000000002355560005000000000049467
00600007000000000000000009220000000000243040005000000000005104
00600004000000000000000014370000000014077710005000000000295632
00100007000000000000000029350000000007514560005000000000157806
00100007000000000000000029360000000004329830005000000000090927
00100007000000000000000029370000000016651960005000000000349691
00100007000000000000000029380000000003680200005000000000077284
00100007000000000000000029390000000000198940005000000000004178
00100007000000000000000029400000000000181950005000000000003821
00100007000000000000000029410000000000371600005000000000007804
00100007000000000000000029420000000000354640005000000000007448
00100007000000000000000029430000000011284550005000000000236976
00100007000000000000000029440000000000173560005000000000003645
00100007000000000000000029450000000000042020005000000000000882
00100007000000000000000029460000000000080780005000000000001696
00600004000000000000000014380000000010771090005000000000226193
00100007000000000000000029470000000000144640005000000000003037
00100007000000000000000029480000000170826440005000000003587355
00100007000000000000000029490000000044586780005000000000936322
00100007000000000000000029500000000000078680005000000000001652
00100007000000000000000029510000000000827640005000000000017380
00100007000000000000000029520000000000290070005000000000006092
00100007000000000000000029530000000000371900005000000000007810
00100007000000000000000029540000000001266940005000000000026606
00100007000000000000000029550000000000958700005000000000020133
00100007000000000000000029560000000000863940005000000000018143
00100007000000000000000029570000000002644690005000000000055538
00100007000000000000000029580000000000536450005000000000011266
00100007000000000000000029590000000000226180005000000000004750
00600007000000000000000009230000000000322600005000000000006774
00600007000000000000000009240000000000074460005000000000001564
00600007000000000000000009250000000000375310005000000000007882
00600007000000000000000009260000000001132360005000000000023780
00600007000000000000000009270000000000239670005000000000005033
00600007000000000000000009280000000000080990005000000000001701
00600007000000000000000009290000000011662840005000000000244920
00600004000000000000000014390000000005890080005000000000123692
00100007000000000000000029600000000005441070005000000000114263
00100007000000000000000029610000000006955700005000000000146070
00100007000000000000000029620000000006765310005000000000142072
00100007000000000000000029630000000008496360005000000000178424
00100007000000000000000029640000000000532480005000000000011182
00100007000000000000000029650000000000152930005000000000003211
00100007000000000000000029660000000003446020005000000000072367
00100007000000000000000029670000000002087170005000000000043830
00100007000000000000000029680000000000232110005000000000004874
00600007000000000000000009300000000004546080005000000000095468
00600004000000000000000014400000000004891750005000000000102727
00100007000000000000000029690000000003843200005000000000080707
00100007000000000000000029700000000000062120005000000000001305
00100007000000000000000029710000000000090910005000000000001909
00100007000000000000000029720000000000394260005000000000008279
00100007000000000000000029730000000000330360005000000000006938
00100007000000000000000029740000000006611730005000000000138846
00100007000000000000000029760000000002739690005000000000057534
00100007000000000000000029770000000000057850005000000000001215
00100007000000000000000029780000000001156590005000000000024288
00600007000000000000000009310000000005296230005000000000111221
00600007000000000000000009320000000001364030005000000000028645
00600007000000000000000009330000000001206380005000000000025334
00600007000000000000000009340000000001322350005000000000027769
00600004000000000000000014410000000005409930005000000000113608
00100007000000000000000029790000000000285640005000000000005998
00100007000000000000000029800000000000607450005000000000012757
00100007000000000000000029810000000010578780005000000000222154
00600007000000000000000009350000000000095100005000000000001997
00600007000000000000000009360000000000028930005000000000000607
00600007000000000000000009370000000000033060005000000000000694
00600007000000000000000009380000000000000000006000000000000000
00600007000000000000000009390000000002214940005000000000046514
00600007000000000000000009420000000001611590005000000000033843
00600007000000000000000009430000000004745930005000000000099664
00600004000000000000000014420000000007138020005000000000149898
00100007000000000000000029820000000000661170005000000000013885
00100007000000000000000029830000000001187190005000000000024931
00100007000000000000000029880000000005180780005000000000108796
00100007000000000000000029890000000000152910005000000000003211
00100007000000000000000029910000000000316690005000000000006650
00100007000000000000000029920000000000744900005000000000015643
00100007000000000000000029930000000003289450005000000000069079
00100007000000000000000029940000000000033460005000000000000703
00100007000000000000000029950000000000211080005000000000004433
00100007000000000000000029960000000006387080005000000000134129
00100007000000000000000029970000000000510770005000000000010726
00100007000000000000000029980000000000396700005000000000008331
00100007000000000000000029990000000000148760005000000000003124
00100007000000000000000030000000000000705790005000000000014822
00100007000000000000000030010000000003003100005000000000063065
00100007000000000000000030020000000001064960005000000000022364
00100007000000000000000030030000000000041320005000000000000868
00100007000000000000000030040000000001173630005000000000024646
00600007000000000000000009440000000001332230005000000000027977
00600007000000000000000009450000000000066610005000000000001399
00600007000000000000000009460000000000020660005000000000000434
00600004000000000000000014430000000006714060005000000000140995
00100007000000000000000030050000000000272790005000000000005729
00100007000000000000000030060000000000715470005000000000015025
00100007000000000000000030070000000001348760005000000000028324
00100007000000000000000030080000000000264480005000000000005554
00100007000000000000000030090000000000103310005000000000002170
00100007000000000000000030100000000000123970005000000000002603
00100007000000000000000030110000000000276860005000000000005814
00600007000000000000000009470000000000058310005000000000001224
00600007000000000000000009480000000002892700005000000000060747
00600007000000000000000009490000000000515030005000000000010816
00600004000000000000000014440000000010340500005000000000217150
00100007000000000000000030120000000000863120005000000000018126
00100007000000000000000030130000000000166000005000000000003486
00600004000000000000000014450000000002601650005000000000054635
00100007000000000000000030140000000000677740005000000000014233
00100007000000000000000030150000000000430500005000000000009041
00600007000000000000000009500000000000657520005000000000013808
00600004000000000000000014460000000004153720005000000000087228
00100007000000000000000030160000000002635490005000000000055345
00100007000000000000000030170000000000126450005000000000002655
00100007000000000000000030180000000001653090005000000000034715
00100007000000000000000030190000000000735870005000000000015453
00100007000000000000000030200000000009616930005000000000201956
00600007000000000000000009510000000004812510005000000000101063
00600007000000000000000009520000000000516540005000000000010847
00600004000000000000000014470000000005302480005000000000111352
00100007000000000000000030210000000000045460005000000000000955
00100007000000000000000030220000000000859500005000000000018050
00100007000000000000000030230000000000661170005000000000013885
00100007000000000000000030240000000000074380005000000000001562
00100007000000000000000030250000000000412400005000000000008660
00100007000000000000000030260000000002107440005000000000044256
00100007000000000000000030270000000000553790005000000000011630
00100007000000000000000030280000000000206660005000000000004340
00100007000000000000000030290000000071202670005000000001495256
00600007000000000000000009530000000001137310005000000000023884
00600007000000000000000009540000000000020660005000000000000434
00600007000000000000000009550000000000248140005000000000005211
00600007000000000000000009560000000000371870005000000000007809
00600007000000000000000009570000000004875880005000000000102393
00600004000000000000000014480000000005949600005000000000124941
00100007000000000000000030300000000000095540005000000000002006
00100007000000000000000030310000000000165290005000000000003471
00100007000000000000000030320000000000622310005000000000013069
00100007000000000000000030330000000000859500005000000000018050
00100007000000000000000030340000000000380630005000000000007993
00100007000000000000000030350000000000354050005000000000007435
00100007000000000000000030360000000000209900005000000000004408
00100007000000000000000030370000000000017100005000000000000359
00100007000000000000000030380000000000124600005000000000002616
00100007000000000000000030390000000001202640005000000000025255
00100007000000000000000030400000000000099200005000000000002083
00100007000000000000000030410000000000774130005000000000016257
00100007000000000000000030420000000000287320005000000000006034
00100007000000000000000030430000000000030610005000000000000643
00600007000000000000000009580000000000091110005000000000001913
00600007000000000000000009590000000000025290005000000000000531
00600007000000000000000009610000000000020680005000000000000434
00600004000000000000000014490000000007243810005000000000152120
00100007000000000000000030440000000000074380005000000000001562
00100007000000000000000030450000000000114150005000000000002397
00100007000000000000000030460000000000070270005000000000001476
00100007000000000000000030470000000200771180005000000004216195
00100007000000000000000030480000000000485950005000000000010205
00100007000000000000000030490000000000165320005000000000003472
00100007000000000000000030500000000000376100005000000000007898
00100007000000000000000030510000000000331400005000000000006960
00100007000000000000000030520000000000108180005000000000002272
00100007000000000000000030530000000000141200005000000000002965
00100007000000000000000030540000000000413220005000000000008678
00100007000000000000000030550000000000384260005000000000008069
00100007000000000000000030560000000000181820005000000000003818
00100007000000000000000030570000000003942320005000000000082789
00100007000000000000000030580000000000429750005000000000009025
00100007000000000000000030590000000000000000006000000000000000
00100007000000000000000030600000000046457670005000000000975611
00600007000000000000000009620000000007434640005000000000156127
00600007000000000000000009630000000000227250005000000000004772
00600007000000000000000009640000000001214880005000000000025512
00600004000000000000000014500000000003238850005000000000068016
00100007000000000000000030610000000280115700005000000005882430
00100007000000000000000030620000000280115700005000000005882430
00100007000000000000000030630000000000082890005000000000001741
00100007000000000000000030640000000000293460005000000000006163
00600007000000000000000009650000000000388620005000000000008161
00300007000000000000000000360000000000000000006000000000000000
00300007000000000000000000370000000280115700005000000005882430
00600004000000000000000014510000000011342400005000000000238190
00100007000000000000000030650000000000126450005000000000002655
00100007000000000000000030660000000249689380005000000005243477
00100007000000000000000030670000000000231400005000000000004859
00100007000000000000000030680000000000508260005000000000010673
00100007000000000000000030690000000000101660005000000000002135
00100007000000000000000030700000000001091640005000000000022925
00100007000000000000000030710000000000406610005000000000008539
00100007000000000000000030720000000007108910005000000000149287
00100007000000000000000030730000000000429820005000000000009026
00100007000000000000000030740000000000026700005000000000000561
00100007000000000000000030750000000000051990005000000000001092
00100007000000000000000030760000000000487600005000000000010240
00600007000000000000000009660000000000037220005000000000000782
00600007000000000000000009670000000000305830005000000000006422
00600004000000000000000014520000000004629770005000000000097225
00100007000000000000000030770000000000370270005000000000007776
00100007000000000000000030780000000000661170005000000000013885
00100007000000000000000030790000000000768600005000000000016140
00100007000000000000000030800000000207158310005000000004350325
00100007000000000000000030810000000000186040005000000000003907
00100007000000000000000030820000000000157070005000000000003298
00100007000000000000000030830000000000082650005000000000001736
00100007000000000000000030840000000000256200005000000000005380
00600007000000000000000009680000000000264470005000000000005554
00600007000000000000000009690000000000723050005000000000015184
00600007000000000000000009700000000000002660005000000000000056
00600007000000000000000009710000000000207120005000000000004350
00600007000000000000000009720000000000669450005000000000014059
00600007000000000000000009730000000000396700005000000000008331
00600004000000000000000014530000000006916550005000000000145247
00100007000000000000000030850000000000101460005000000000002131
00100007000000000000000030860000000000661170005000000000013885
00100007000000000000000030870000000000661170005000000000013885
00100007000000000000000030880000000000231890005000000000004870
00100007000000000000000030890000000000283790005000000000005960
00100007000000000000000030900000000000743890005000000000015622
00100007000000000000000030910000000001679240005000000000035264
00100007000000000000000030920000000000314050005000000000006595
00100007000000000000000030930000000006549920005000000000137548
00100007000000000000000030940000000000459900005000000000009658
00100007000000000000000030950000000000070100005000000000001472
00100007000000000000000030960000000000050020005000000000001050
00100007000000000000000030970000000000024760005000000000000520
00100007000000000000000030980000000000078530005000000000001649
00100007000000000000000030990000000000028800005000000000000605
00100007000000000000000031000000000000033860005000000000000711
00100007000000000000000031010000000000053930005000000000001133
00600007000000000000000009740000000000124010005000000000002604
00600007000000000000000009750000000000396700005000000000008331
00600007000000000000000009760000000000182640005000000000003836
00600007000000000000000009770000000000913220005000000000019178
00600004000000000000000014540000000013341320005000000000280168
00100007000000000000000031020000000000058660005000000000001232
00100007000000000000000031030000000000367570005000000000007719
00100007000000000000000031040000000004566400005000000000095894
00100007000000000000000031050000000000630750005000000000013246
00100007000000000000000031060000000000099920005000000000002098
00100007000000000000000031070000000000661170005000000000013885
00100007000000000000000031080000000000219030005000000000004600
00100007000000000000000031090000000000036360005000000000000764
00100007000000000000000031100000000000052330005000000000001099
00100007000000000000000031110000000001531400005000000000032160
00100007000000000000000031120000000000331160005000000000006954
00100007000000000000000031130000000001049810005000000000022046
00100007000000000000000031140000000000281570005000000000005913
00100007000000000000000031150000000000014730005000000000000309
00100007000000000000000031160000000000102560005000000000002154
00100007000000000000000031180000000000417270005000000000008763
00100007000000000000000031190000000000053770005000000000001129
00100007000000000000000031200000000041513860005000000000871791
00600007000000000000000009780000000004908670005000000000103082
00600007000000000000000009790000000003799990005000000000079800
00600004000000000000000014550000000004948790005000000000103924
00100007000000000000000031210000000000041970005000000000000881
00100007000000000000000031220000000000195460005000000000004105
00100007000000000000000031230000000000407440005000000000008556
00100007000000000000000031240000000000188490005000000000003958
00100007000000000000000031250000000000032750005000000000000688
00100007000000000000000031260000000000023140005000000000000486
00100007000000000000000031270000000000376080005000000000007898
00100007000000000000000031280000000000074410005000000000001563
00100007000000000000000031290000000105058930005000000002206238
00100007000000000000000031300000000000958680005000000000020132
00100007000000000000000031310000000000328750005000000000006904
00100007000000000000000031340000000000161190005000000000003385
00100007000000000000000031350000000105051890005000000002206090
00100007000000000000000031360000000000330620005000000000006943
00600007000000000000000009800000000000016740005000000000000351
00300007000000000000000000380000000105058930005000000002206238
00600004000000000000000014560000000021158690005000000000444332
00100007000000000000000031370000000000182650005000000000003836
00100007000000000000000031380000000000028930005000000000000608
00100007000000000000000031390000000000300830005000000000006317
00100007000000000000000031400000000041325790005000000000867841
00600004000000000000000014570000000003648770005000000000076624
00100006000000000000000001780000000021695000005000000000455595
00100006000000000000000001790000000025000000005000000000525000
00100006000000000000000001800000000008000000005000000000168000
00100006000000000000000001810000000011000000005000000000231000
00100006000000000000000001820000000045050000005000000000946050
00100005000000000000000055920000000001190110005000000000024992
00100005000000000000000055940000000000157250005000000000003302
00600005000000000000000101740000000000049700005000000000001044
00600005000000000000000101750000000005124470005000000000107614
00600005000000000000000101760000000000809930005000000000017008
00600005000000000000000101770000000000273220005000000000005738
00600005000000000000000101780000000002790530005000000000058601
00600005000000000000000101790000000000859440005000000000018048
00600005000000000000000101800000000000246290005000000000005172
00600005000000000000000101810000000000392170005000000000008235
00600005000000000000000101820000000002585380005000000000054293
00800005000000000000000000010000000001074640005000000000022567
00100005000000000000000055950000000015537950005000000000326297
00100005000000000000000055960000000000446280005000000000009372
00100005000000000000000055970000000000706890005000000000014845
00600005000000000000000101830000000000026690005000000000000561
00600005000000000000000101840000000000132230005000000000002777
00600005000000000000000101850000000000099120005000000000002082
00600005000000000000000101860000000000264470005000000000005554
00600005000000000000000101870000000000272780005000000000005728
00600005000000000000000101880000000004048910005000000000085027
00600005000000000000000101890000000000297570005000000000006249
00600005000000000000000101900000000000078510005000000000001649
00100005000000000000000055980000000000132230005000000000002777
00100005000000000000000055990000000002206980005000000000046347
00600005000000000000000101910000000000140500005000000000002951
00600005000000000000000101920000000000426450005000000000008955
00600005000000000000000101930000000000647170005000000000013591
00600005000000000000000101940000000000297550005000000000006249
00600005000000000000000101950000000000619470005000000000013009
00600005000000000000000101960000000000364120005000000000007647
00600005000000000000000101970000000001322290005000000000027768
00600005000000000000000101980000000000256020005000000000005377
00600005000000000000000101990000000001541000005000000000032361
00600005000000000000000102000000000000504210005000000000010589
00100005000000000000000056000000000001618510005000000000033989
00100005000000000000000056010000000000134880005000000000002832
00600005000000000000000102010000000000450070005000000000009452
00600005000000000000000102020000000000570230005000000000011975
00600005000000000000000102030000000004008350005000000000084175
00600005000000000000000102040000000002367040005000000000049708
00600005000000000000000102050000000001772400005000000000037220
00100005000000000000000056020000000000352450005000000000007401
00600005000000000000000102060000000000024920005000000000000523
00600005000000000000000102070000000000641990005000000000013482
00600005000000000000000102080000000001888440005000000000039657
00100005000000000000000056030000000000401790005000000000008437
00100005000000000000000056040000000001388520005000000000029159
00600005000000000000000102090000000000264620005000000000005557
00600005000000000000000102100000000000396450005000000000008325
00600005000000000000000102110000000002884330005000000000060571
00600005000000000000000102120000000001880960005000000000039500
00600005000000000000000102130000000000153550005000000000003225
00600005000000000000000102140000000000413430005000000000008682
00600005000000000000000102150000000000908170005000000000019072
00600005000000000000000102160000000000096800005000000000002033
00100005000000000000000056060000000000642640005000000000013495
00100005000000000000000056070000000000330840005000000000006948
00100005000000000000000056080000000000603700005000000000012678
00600005000000000000000102170000000000024880005000000000000522
00600005000000000000000102180000000000099180005000000000002083
00600005000000000000000102190000000000062070005000000000001303
00600005000000000000000102200000000000235330005000000000004942
00600005000000000000000102210000000000248190005000000000005212
00600005000000000000000102220000000000037040005000000000000778
00600005000000000000000102230000000003223140005000000000067686
00600005000000000000000102240000000000140580005000000000002952
00600005000000000000000102250000000000157080005000000000003299
00600005000000000000000102260000000000289310005000000000006076
00600005000000000000000102270000000000369410005000000000007758
00600005000000000000000102280000000000082690005000000000001736
00600005000000000000000102290000000000529240005000000000011114
00600005000000000000000102300000000001277850005000000000026835
00100005000000000000000056090000000000451550005000000000009483
00600005000000000000000102310000000000411570005000000000008643
00600005000000000000000102320000000000134080005000000000002816
00600005000000000000000102330000000000266580005000000000005598
00600005000000000000000102340000000000330740005000000000006946
00600005000000000000000102350000000000181790005000000000003817
00600005000000000000000102360000000000231450005000000000004861
00600005000000000000000102370000000001487210005000000000031231
00100005000000000000000056100000000000264620005000000000005557
00600005000000000000000102380000000000094830005000000000001992
00600005000000000000000102390000000000185950005000000000003905
00600005000000000000000102400000000000132310005000000000002778
00600005000000000000000102410000000002008240005000000000042173
00600005000000000000000102420000000000663140005000000000013926
00600005000000000000000102430000000000264620005000000000005557
00600005000000000000000102440000000000264450005000000000005554
00600005000000000000000102450000000000289490005000000000006079
00600005000000000000000102460000000000363880005000000000007642
00600005000000000000000102470000000000256300005000000000005382
00600005000000000000000102480000000000115910005000000000002434
00100005000000000000000056110000000000142760005000000000002998
00600005000000000000000102490000000000313440005000000000006582
00600005000000000000000102500000000000289490005000000000006079
00600005000000000000000102510000000000078620005000000000001651
00600005000000000000000102520000000000395420005000000000008304
00600005000000000000000102530000000001070080005000000000022472
00600005000000000000000102540000000001537440005000000000032286
00600005000000000000000102550000000000284660005000000000005978
00600005000000000000000102560000000004297630005000000000090250
00100005000000000000000056120000000000049640005000000000001042
00100005000000000000000056130000000000325720005000000000006840
00100005000000000000000056140000000000099180005000000000002083
00600005000000000000000102570000000000148760005000000000003124
00600005000000000000000102580000000000819710005000000000017214
00600005000000000000000102590000000000077980005000000000001637
00600005000000000000000102600000000000366220005000000000007691
00600005000000000000000102610000000003305740005000000000069420
