001000010000000000002017010180000000000305000084540000000000588000005000000000012348
001000010000000000002017010280000000000305000084540000000000009640004000000000000101
001000040000000000000000979280000000000201045138250000000004156600005000000000087289
001000040000000000000000979180000000000201045138250000000001744320004000000000018315
001000040000000000000000929480000000000201045138250000000000513910005000000000010792
001000040000000000011111929480000000000201045138250000000001058880004000000000011118
001000040000000000000000920980000000000201045138250000000002016620005000000000042349
001000040000000000011111920980000000000201045138250000000001060170004000000000011132
001000040000000000000000974380000000000201045138250000000005979330005000000000125566
001000040000000000011111974380000000000201045138250000000007436530004000000000078084
001000150000000000000001845780000000000305763742470000000001689120005000000000035471
001000150000000000000001687380000000000305763742470000000036503240005000000000766568
001000150000000000000001750580000000000305763742470000000057632130005000000001210275
003000150000000000000000354080000000000305763742470000000000737240005000000000015482
001001060000000000000000772880000000000305597150810000000054214430005000000001138503
