00100003000000000000000001020000000011352560004000000000119202
00100003000000000000000001030000000008266770004000000000086801
00600003000000000000000000370000000000913670005000000000019187
00100003000000000000000001040000000000000000003000000000000000
00600003000000000000000000380000000000000000003000000000000000
00600003000000000000000000390000000001000000005000000000021000
00100003000000000000000001050000000000000000003000000000000000
00600003000000000000000000400000000001246420005000000000026175
00100003000000000000000001060000000008561090004000000000089891
00600003000000000000000000410000000001916480005000000000040246
00100003000000000000000001070000000000000000003000000000000000
00600003000000000000000000420000000000000000003000000000000000
00100003000000000000000001080000000008144800004000000000085520
00100003000000000000000001090000000000000000003000000000000000
00100003000000000000000001100000000000000000003000000000000000
00100003000000000000000001110000000000000000003000000000000000
00100003000000000000000001120000000000000000003000000000000000
