00600002000000000000000000290000000000727570005000000000015279
00600002000000000000000000300000000023731400005000000000498360
00600002000000000000000000310000000000710740005000000000014926
00100002000000000000000000070000000002132250005000000000044777
00600002000000000000000000320000000002657170005000000000055801
00600002000000000000000000330000000001042640005000000000021896
00600002000000000000000000340000000001634300005000000000034320
00600002000000000000000000350000000001449090005000000000030431
00600002000000000000000000360000000000214880005000000000004512
00600002000000000000000000370000000000456200005000000000009580
00600002000000000000000000380000000005727280005000000000120272
00100002000000000000000000080000000000852900005000000000017911
00600002000000000000000000390000000002319750005000000000048715
00100002000000000000000000090000000001705800005000000000035822
