001000010000000000002016060480000000000305000084540000000000442150005000000000009285
001000010000000000002016060580000000000305000084540000000000388200005000000000008152
001000040000000000000000002680000000000201283823490000000005817000004000000000061078
001000050000000000000000046880000000000201417652300000000008264460005000000000173554
001001220000000000000001241380000000000305597150810000000037823250005000000000794288
001001160000000000000001556280000000000305597150810000000002175880005000000000045693
001000970000000000000002033580000000000305597150810000000003762000005000000000079002
001000020000000000000001645180000000000306731326220000000000545450005000000000011455
001000150000000000000000905280000000000335627735390000000001760330005000000000036967
001000010000000000000000225280000000000307106338150000000000322310005000000000006769
001000010000000000000000225580000000000307106338150000000000604960005000000000012704
001005480000000000000000142580000000000306921387470000000000193800005000000000004070
001005480000000000000000142480000000000306921387470000000000242980005000000000005102
001005480000000000000000143280000000000306921387470000000000121490005000000000002551
001000190000000000000000059180000000000336812560890000000000000000003000000000000000
001032470000000000000004691980000000000306787744950000000000324960005000000000006824
001000010000000000000000038780000000000307141413480000000000716530005000000000015047
001000010000000000000000038680000000000307141413480000000000672730005000000000014127
001000010000000000000000038880000000000307141413480000000000774380005000000000016262
001030710000000000000000864280000000000307087729640000000000804780005000000000016900
001000060000000000000007056380000000000307103884110000000000246210005000000000005171
001000060000000000000007142880000000000307103884110000000000287970005000000000006047
001000070000000000000000151280000000000202316723550000000000509090005000000000010691
001000070000000000000000095080000000000202316723550000000000509090005000000000010691
001000270000000000000002163280000000000201041200840000000000408020005000000000008568
001000030000000000000000038480000000000270999332460000000000185950005000000000003905
