00600004000000000000000000980000000000000000003000000000000000
00100004000000000000000003450000000000028930005000000000000608
00100004000000000000000003460000000000109100005000000000002291
00600004000000000000000000990000000000000000003000000000000000
00100004000000000000000003470000000000061980005000000000001302
00600004000000000000000001000000000000000000003000000000000000
00100004000000000000000003480000000000047930008000000000000240
00100004000000000000000003480000000000128930005000000000002708
00600004000000000000000001010000000000000000003000000000000000
00100004000000000000000003490000000000033060005000000000000694
00100004000000000000000003500000000000247930005000000000005207
00100004000000000000000003510000000000783000005000000000016443
00100004000000000000000003520000000000819900005000000000017218
00100004000000000000000003530000000000227660005000000000004780
00100004000000000000000003540000000000213220005000000000004478
00100004000000000000000003550000000000119840005000000000002517
00600004000000000000000001020000000000000000003000000000000000
00100004000000000000000003560000000000126490005000000000002656
00600004000000000000000001030000000000000000003000000000000000
00100004000000000000000003570000000000095880005000000000002014
00600004000000000000000001040000000000000000003000000000000000
00100004000000000000000003580000000000297530005000000000006248
00100004000000000000000003590000000000034710005000000000000729
00100004000000000000000003600000000000066120005000000000001389
00600004000000000000000001050000000000000000003000000000000000
00100004000000000000000003610000000000049590005000000000001041
00100004000000000000000003620000000000099170005000000000002083
00100004000000000000000003630000000000398340005000000000008365
00100004000000000000000003640000000000062480005000000000001312
00600004000000000000000001060000000000000000003000000000000000
00100004000000000000000003650000000000046280005000000000000972
00100004000000000000000003660000000000074390005000000000001562
00100004000000000000000003670000000000115700005000000000002430
00100004000000000000000003680000000000191740005000000000004027
00600004000000000000000001070000000000160000003000000000000000
00600004000000000000000001080000000000000000003000000000000000
00600004000000000000000001090000000000000000003000000000000000
00100004000000000000000003690000000000045450005000000000000954
00100004000000000000000003700000000000296700005000000000006231
00100004000000000000000003710000000000024790005000000000000521
00100004000000000000000003720000000000090900005000000000001909
00600004000000000000000001100000000000000000003000000000000000
00100004000000000000000003730000000000016530005000000000000347
00100004000000000000000003740000000000135540005000000000002846
00100004000000000000000003750000000000636360005000000000013364
00100004000000000000000003760000000000066130005000000000001389
00100004000000000000000003770000000000023140005000000000000486
00600004000000000000000001110000000000000000003000000000000000
00600004000000000000000001120000000000000000003000000000000000
00100004000000000000000003780000000000161000005000000000003381
00600004000000000000000001130000000000234000003000000000000000
00100004000000000000000003790000000000115700005000000000002430
00100004000000000000000003800000000000041350005000000000000868
00100004000000000000000003810000000000115800005000000000002432
00100004000000000000000003820000000039545450005000000000830454
00100004000000000000000003830000000000026450005000000000000555
00600004000000000000000001140000000000000000003000000000000000
00100004000000000000000003840000000000076030005000000000001597
00600001000000000000000010800000000004949750005000000000103945
00600001000000000000000010810000000001220830005000000000025638
00600001000000000000000010820000000003821330005000000000080248
00600001000000000000000010830000000003664050005000000000076945
00600001000000000000000010840000000003779750005000000000079375
00600001000000000000000010850000000003471080005000000000072893
00600001000000000000000010860000000004671910005000000000098110
00600001000000000000000010870000000005216210005000000000109540
00600001000000000000000010880000000001215700005000000000025530
00600001000000000000000010890000000003712310005000000000077959
00600001000000000000000010900000000004377770005000000000091933
00600001000000000000000010910000000002427690005000000000050981
00600001000000000000000010920000000002221490005000000000046651
00600001000000000000000010930000000002458680005000000000051632
00600001000000000000000010940000000002472310005000000000051919
00600001000000000000000010950000000001247930005000000000026207
00600001000000000000000010960000000003811160005000000000080034
00600001000000000000000010970000000003822310005000000000080269
00600001000000000000000010980000000003257850005000000000068415
00600001000000000000000010990000000003796240005000000000079721
00600001000000000000000011000000000003265700005000000000068580
00600001000000000000000011010000000003557020005000000000074698
00600001000000000000000011020000000000965290005000000000020271
00600001000000000000000011030000000002378930005000000000049957
00600001000000000000000011040000000001571070005000000000032993
00600001000000000000000011050000000003521500005000000000073951
00600001000000000000000011060000000003281390005000000000068909
00600001000000000000000011070000000002613640005000000000054887
00600001000000000000000011080000000004081160005000000000085704
00600001000000000000000011090000000001572740005000000000033027
