001000010000000000002016070180000000000305000100840000000000138000005000000000002898
001000010000000000002016070380000000000305000100840000000000011910005000000000000250
001000010000000000002016070280000000000305000100840000000000103360005000000000002171
001000030000000000000000055480000000000307105374840000000000169430005000000000003558
001000260000000000000010422380000000000305041553540000000023160310005000000000486366
003000260000000000000009771980000000000305041553540000000000579010005000000000012159
003000260000000000000009681280000000000305041553540000000002184900005000000000045883
001000260000000000000010292280000000000305041553540000000087396080005000000001835318
003000260000000000000009729280000000000305041553540000000000260120005000000000005463
001000260000000000000010360580000000000305041553540000000017341760005000000000364177
003000260000000000000009638480000000000305041553540000000000270880005000000000005689
001000260000000000000010223380000000000305041553540000000018058620005000000000379231
001000050000000000000004146380000000000307121552280000000000288350005000000000006055
001000050000000000000004169780000000000307121552280000000000208110005000000000004370
001002020000000000000000395880000000000305365189710000000000093290005000000000001959
001002020000000000000000392180000000000305365189710000000000185040005000000000003886
001002020000000000000000388580000000000305365189710000000000066300005000000000001392
001002020000000000000000383780000000000305365189710000000000123360005000000000002591
001002020000000000000000375780000000000305365189710000000000087600005000000000001840
001000020000000000000008004180000000000306544623280000000000285230005000000000005990
001000020000000000000007943780000000000306544623280000000000082350005000000000001729
001000020000000000000007882580000000000306544623280000000000174890005000000000003673
001000020000000000000007816780000000000306544623280000000000165330005000000000003472
001000020000000000000007758180000000000306544623280000000000139610005000000000002932
001000020000000000000007693780000000000306544623280000000000255260005000000000005360
001000020000000000000007637280000000000306544623280000000000104500005000000000002195
001000020000000000000007565880000000000306544623280000000000301650005000000000006335
001000070000000000000002737080000000000307096591500000000000954240005000000000020039
001000070000000000000002706580000000000307096591500000000000910430005000000000019119
001000070000000000000002689480000000000307096591500000000000421360005000000000008849
001000070000000000000002689380000000000307096591500000000001327910005000000000027886
001000070000000000000002659080000000000307096591500000000001202870005000000000025260
001000070000000000000002659180000000000307096591500000000000578960005000000000012158
001000070000000000000002641480000000000307096591500000000000811070005000000000017032
001000070000000000000002588680000000000307096591500000000001497230005000000000031442
001000070000000000000002559780000000000307096591500000000000324320005000000000006811
001000070000000000000002559680000000000307096591500000000001005480005000000000021115
001000070000000000000002542280000000000307096591500000000000490350005000000000010297
001000070000000000000002542180000000000307096591500000000001597850005000000000033555
001000050000000000000000337280000000000202909235150000000000690050005000000000014491
001000050000000000000000300480000000000202909235150000000000480230005000000000010085
001000050000000000000000260780000000000202909235150000000001104610005000000000023197
001000050000000000000000225880000000000202909235150000000001165500005000000000024475
001000050000000000000000177980000000000202909235150000000001059750005000000000022255
001000050000000000000000070880000000000202909235150000000000578570005000000000012150
001000050000000000000000153780000000000202909235150000000000270220005000000000005675
001000050000000000000000112080000000000202909235150000000001245050005000000000026146
001000050000000000000000028280000000000202909235150000000001075210005000000000022579
001000130000000000000000689680000000000306529102340000000028784100005000000000604466
001000130000000000000000518380000000000306529102340000000038038570005000000000798810
001000130000000000000000518280000000000306529102340000000031587030005000000000663328
001050030000000000000052896480000000000305184086890000000001233350005000000000025900
001050030000000000000052829680000000000305184086890000000000943690005000000000019817
001050030000000000000052752680000000000305184086890000000000932460005000000000019582
001050030000000000000052682380000000000305184086890000000001807040005000000000037948
001050030000000000000052539180000000000305184086890000000002083620005000000000043756
001050030000000000000052462280000000000305184086890000000001158860005000000000024336
001050030000000000000052416580000000000305184086890000000000994770005000000000020890
001050030000000000000052269180000000000305184086890000000001400030005000000000029401
001050030000000000000052207680000000000305184086890000000000970360005000000000020378
001050030000000000000052069580000000000305184086890000000001764000005000000000037044
