001000010000000000002016070180000000000305000100840000000000203000005000000000004263
001000010000000000002016070380000000000305000100840000000000430000005000000000009030
001000120000000000000007603380000000000305035409630000000003222180005000000000067666
001000120000000000000007661380000000000305035409630000000002864160005000000000060147
001000120000000000000007664680000000000305035409630000000008986250005000000000188711
003000120000000000000001132080000000000305035409630000000003222180005000000000067666
001000120000000000000007689280000000000305035409630000000054587970005000000001146347
001000120000000000000007661480000000000305035409630000000004161610005000000000087394
003000120000000000000001131980000000000305035409630000000004681760005000000000098317
001000120000000000000007653580000000000305035409630000000033729810005000000000708326
001000050000000000000003826980000000000306062738660000000037828180005000000000794392
001000050000000000000003821580000000000306062738660000000003129230005000000000065714
001000050000000000000003805680000000000306062738660000000005971530005000000000125402
001000050000000000000003780880000000000306062738660000000009052600005000000000190104
001000050000000000000003811980000000000306062738660000000001820400005000000000038229
001000050000000000000003881380000000000305388365470000000019842690005000000000416696
003000050000000000000001554680000000000305388365470000000003492580005000000000073344
001000030000000000000004431180000000000305013076090000000004893630005000000000102766
003000030000000000000000943280000000000305013076090000000000187510005000000000003938
001000040000000000000000536680000000000307106367920000000061441330005000000001290268
001000040000000000000000534480000000000307106367920000000004020000005000000000084420
001000040000000000000001801380000000000307083216520000000028505550005000000000598617
001000040000000000000001801180000000000307083216520000000019926240005000000000418451
001000040000000000000001801280000000000307083216520000000000985320005000000000020692
001000030000000000000000071980000000000307102260200000000026322040005000000000552763
001000030000000000000000072080000000000307102260200000000003114830005000000000065412
001000200000000000000012674780000000000306827537290000000000885000005000000000018585
001000200000000000000012674680000000000306827537290000000013275000005000000000278775
001000200000000000000012674580000000000306827537290000000015930000005000000000334530
001000200000000000000012674480000000000306827537290000000009312500005000000000195563
001000200000000000000012674380000000000306827537290000000006312500005000000000132563
001000200000000000000012694480000000000306827537290000000006492500005000000000136343
