001055120000000000000323076680000000000306781864450000000000050380005000000000001058
001055120000000001111323076680000000000306781864450000000002003450006000000000054093
001055120000000000000323315080000000000306781864450000000001144020006000000000030888
001081020000000000001697267080000000000306394537380000000000189750006000000000005123
001081020000000000001692472980000000000306394537380000000000470800006000000000012712
001010540000000000000028690580000000000305736520840000000000685950005000000000014405
001010540000000000000028689780000000000305736520840000000000685950005000000000014405
001010540000000000000028751980000000000305736520840000000000881400005000000000018509
001001010000000000000045011880000000000306906336350000000000287130006000000000007753
001001010000000001111145011880000000000306906336350000000000000130005000000000000003
001001010000000000000485845280000000000306906336350000000001457350006000000000039348
001001010000000000000045010780000000000306906336350000000000624850006000000000016871
001001010000000001111145010780000000000306906336350000000000000290005000000000000006
001001010000000000000045058580000000000306906336350000000000201080006000000000005429
001001010000000001111145058580000000000306906336350000000000000130005000000000000003
001001010000000000000045254180000000000306906336350000000000507690006000000000013708
001001010000000001111145254180000000000306906336350000000000000070005000000000000001
001000720000000000000001767780000000000306027640320000000000901360004000000000009464
001000390000000000000001390680000000000305437490240000000000120760005000000000002536
001000010000000000000000020780000000000307117402080000000012395240005000000000260300
001000050000000000000000279580000000000307087806490000000000689260005000000000014474
001002640000000000000012262680000000000305011111270000000365180380005000000007668788
001002640000000000000122262780000000000305011111270000000705789930005000000014821588
003002640000000000000000117980000000000305011111270000000008319010005000000000174699
001002640000000000000012282280000000000305011111270000000243453590005000000005112525
001002640000000000000012282380000000000305011111270000000660567020005000000013871908
003002640000000000000000118480000000000305011111270000000012478510005000000000262049
001002640000000000000012344180000000000305011111270000000847508880005000000017797687
001002640000000000000012344280000000000305011111270000000365180380005000000007668788
003002640000000000000000121280000000000305011111270000000016083400005000000000337752
001002640000000000000012382380000000000305011111270000000243453590005000000005112525
001002640000000000000012382480000000000305011111270000000787375830005000000016534893
001002640000000000000012382580000000000305011111270000000069142500005000000001451993
003002640000000000000000123380000000000305011111270000000016638020005000000000349398
001005010000000000000015378280000000000305005308510000000289473800005000000006078950
003005010000000000000006570480000000000305005308510000000059313490005000000001245583
002005290000000000000000679580000000000305005308510000000000705760005000000000014821
001000070000000000000000034380000000000270526271630000000000165290005000000000003471
001008100000000000000000537080000000000306362591940000000000185950005000000000003905
001000030000000000000000015280000000000232629364490000000033944450005000000000712833
001000030000000000000000015780000000000232629364490000000034188940005000000000717968
001010080000000000000003427580000000000305011992530000000033648980005000000000706628
001010080000000000000003428480000000000305011992530000000006459430005000000000135648
001010100000000000000020033080000000000305011992530000000043741810005000000000918578
003010250000000000000006157780000000000305011992530000000005050170005000000000106053
001000210000000000000012202580000000000305528161680000000056924530005000000001195415
001000060000000000000001693180000000000335218175990000000002870900005000000000060289
001000060000000000000001699780000000000335218175990000000002402170005000000000050446
001000060000000000000001693280000000000335218175990000000002029830005000000000042627
001000060000000000000001679880000000000335218175990000000002478690005000000000052053
001000060000000000000001681180000000000335218175990000000000351860005000000000007389
001000060000000000000001646180000000000335218175990000000005799540005000000000121790
001000010000000000000000263180000000000202200422790000000000998180005000000000020962
001000040000000000000008109580000000000305353026060000000012058930005000000000253238
001000040000000000000008139480000000000305353026060000000007697030005000000000161638
001000040000000000000008169080000000000305353026060000000005659770005000000000118855
001000340000000000000001028480000000000306211818380000000004158000005000000000087318
001000340000000000000001027680000000000306211818380000000001247400005000000000026195
003000340000000000000001249580000000000306211818380000000000362610005000000000007615
003000340000000000000001249680000000000306211818380000000000163720005000000000003438
003000340000000000000001249780000000000306211818380000000000362610005000000000007615
001000040000000000000003782980000000000307077169710000000000000000003000000000000000
001000210000000000000012269180000000000305528161680000000125388900005000000002633167
001000210000000000000012269280000000000305528161680000000048692370005000000001022540
001000050000000000000003182880000000000336441204790000000013919980005000000000292320
001000030000000000000000095580000000000201098385430000000015986440005000000000335715
003000040000000000000001514880000000000306883720850000000003909290005000000000082095
003000340000000000000001255280000000000306211818380000000000196460005000000000004126
003000340000000000000001255380000000000306211818380000000000654880005000000000013753
003000090000000000000001445980000000000307072971540000000001935690005000000000040649
001000090000000000000038346080000000000307072971540000000019367920005000000000406726
001000030000000000000003149680000000000336800218190000000012206060005000000000256327
003000220000000000000010945680000000000305560955970000000004716910005000000000099055
003000220000000000000011009680000000000305560955970000000005690410005000000000119499
001000230000000000000003174480000000000305560955970000000002947100005000000000061889
001000230000000000000003174780000000000305560955970000000088677580005000000001862229
001000010000000000000000269980000000000307150823370000000011645220005000000000244550
001000710000000000000001805780000000000306446859060000000000541350005000000000011368
001000020000000000000000037080000000000307140844250000000007338510005000000000154109
001000390000000000000001389380000000000305437490240000000000321190005000000000006745
001002640000000000000012421280000000000305011111270000000855999630005000000017975992
001002640000000000000012421380000000000305011111270000000304316980005000000006390657
003002640000000000000000125980000000000305011111270000000004159500005000000000087350
002002700000000000000001502880000000000305011111270000000000100000005000000000002100
002002700000000000000001502980000000000305011111270000000000100000005000000000002100
002002700000000000000001503080000000000305011111270000000000100000005000000000002100
002002700000000000000001511380000000000305011111270000000000100000005000000000002100
001005010000000000000015513780000000000305005308510000000217105350005000000004559212
001000030000000000000000016380000000000232629364490000000031254200005000000000656338
001000020000000000000000027880000000000202518467400000000005123970005000000000107603
001000020000000000000000028380000000000202518467400000000000495870005000000000010413
