00100005000000000000000005430000000008963350005000000000188230
00100005000000000000000005440000000006722510005000000000141173
00100005000000000000000005450000000002240840005000000000047058
00100005000000000000000005460000000001806000005000000000037926
00100005000000000000000005470000000028613980005000000000600893
00100005000000000000000005480000000006074460005000000000127564
00100005000000000000000005490000000004886520005000000000102617
00100005000000000000000005500000000003902400005000000000081950
00100005000000000000000005510000000052520000005000000001102920
00100005000000000000000005520000000023640000005000000000496440
00100005000000000000000005530000000009079900005000000000190678
00100005000000000000000005540000000000678480005000000000014248
00100005000000000000000005550000000092571960005000000001944011
00100005000000000000000005560000000031105200005000000000653209
00100005000000000000000005570000000015269000005000000000320649
00100005000000000000000005580000000002644900005000000000055543
00100005000000000000000005590000000008940550005000000000187751
00100005000000000000000005600000000007002800005000000000147058
00100005000000000000000005610000000001820000005000000000038220
00100005000000000000000005620000000001200000005000000000025200
00100005000000000000000005630000000001157020005000000000024297
00100005000000000000000005640000000003697500005000000000077648
00100005000000000000000005650000000001497760005000000000031453
00300005000000000000000000350000000003276000005000000000068796
00100005000000000000000005660000000002154600005000000000045247
00100005000000000000000005670000000013710460005000000000287919
00300005000000000000000000360000000000795000005000000000016695
00100005000000000000000005680000000003460800005000000000072676
00100005000000000000000005690000000001661000005000000000034881
00100005000000000000000005700000000005823000005000000000122283
00100005000000000000000005710000000032916000005000000000691236
00100005000000000000000005720000000001598400005000000000033566
00100005000000000000000005730000000032916000004000000000345618
00300005000000000000000000370000000032916000005000000000691236
00300005000000000000000000380000000004886520005000000000102617
00100005000000000000000005740000000004886520005000000000102617
00100005000000000000000005750000000007468140005000000000156831
