00600009000000000000000001650000000004884300005000000000102570
00100009000000000000000000350000000006203310005000000000130270
00100009000000000000000000360000000000223140005000000000004686
00600009000000000000000001660000000000231400005000000000004860
00600009000000000000000001670000000000231400005000000000004860
00100009000000000000000000370000000000285950005000000000006005
00600009000000000000000001680000000000206610005000000000004339
00600009000000000000000001690000000000206610005000000000004339
00600009000000000000000001700000000000231400005000000000004860
00600009000000000000000001710000000000231400005000000000004860
00600009000000000000000001720000000000165290005000000000003471
00600009000000000000000001730000000000231400005000000000004860
00600009000000000000000001740000000000206610005000000000004339
00600009000000000000000001750000000000206610005000000000004339
00600009000000000000000001760000000000231400005000000000004860
00100009000000000000000000380000000003107440005000000000065256
00600009000000000000000001770000000001322310005000000000027769
00600009000000000000000001780000000000000000003000000000000000
00100009000000000000000000390000000003281820005000000000068918
00600009000000000000000001790000000008181820005000000000171818
00100009000000000000000000400000000012405380005000000000260513
00600009000000000000000001800000000006818180005000000000143182
00600009000000000000000001810000000000165290005000000000003471
00100009000000000000000000410000000033046110005000000000693968
00600009000000000000000001820000000002603310005000000000054669
00600009000000000000000001830000000006495870005000000000136413
00600009000000000000000001840000000004975210005000000000104479
00600009000000000000000001850000000008677690005000000000182231
