00600002000000000000000120290000000001115700005000000000023430
00600002000000000000000120320000000000454550005000000000009545
00600002000000000000000120330000000000818180005000000000017182
00600002000000000000000120340000000000735540005000000000015446
00600002000000000000000120350000000000557850005000000000011715
00600002000000000000000120360000000001033060005000000000021694
00600002000000000000000120370000000001880170005000000000039483
00600002000000000000000120380000000001880170005000000000039483
00600002000000000000000120390000000000785120005000000000016488
00600002000000000000000120400000000000371900005000000000007810
00600002000000000000000120410000000000785120005000000000016488
00600002000000000000000120420000000002231400005000000000046860
00600002000000000000000120430000000000082640005000000000001736
00600002000000000000000120440000000000735540005000000000015446
00600002000000000000000120450000000001636360005000000000034364
00600002000000000000000120460000000000652890005000000000013711
00600002000000000000000120470000000002719010005000000000057099
00600002000000000000000120480000000000392560005000000000008244
00600002000000000000000120490000000002694210005000000000056579
00600002000000000000000120500000000003834710005000000000080529
00600002000000000000000120520000000000181820005000000000003818
00600002000000000000000120530000000000735540005000000000015446
00600002000000000000000120540000000000735540005000000000015446
00600002000000000000000120550000000000619830005000000000013017
00600002000000000000000120560000000000652890005000000000013711
00600002000000000000000120570000000000867770005000000000018223
00600002000000000000000120580000000002938020005000000000061698
00600002000000000000000120590000000000454550005000000000009545
00600002000000000000000120600000000000661160005000000000013884
00600002000000000000000120610000000000743800005000000000015620
00600002000000000000000120620000000000404960005000000000008504
00600002000000000000000120300000000002231400005000000000046860
00600002000000000000000120310000000002231400005000000000046860
00600002000000000000000120630000000001776860005000000000037314
00600002000000000000000120640000000000735540005000000000015446
00600002000000000000000120650000000000595040005000000000012496
00600002000000000000000120660000000000735540005000000000015446
00600002000000000000000120670000000001797520005000000000037748
00600002000000000000000120680000000000818180005000000000017182
00600002000000000000000120690000000000247930005000000000005207
00600002000000000000000120700000000000867770005000000000018223
00600002000000000000000120710000000000429750005000000000009025
00600002000000000000000120720000000000702480005000000000014752
00600002000000000000000120730000000000735540005000000000015446
00600002000000000000000120740000000000454550005000000000009545
00600002000000000000000120750000000000165290005000000000003471
00600002000000000000000120760000000000289260005000000000006074
00600002000000000000000120770000000001239670005000000000026033
00600002000000000000000120780000000000351240005000000000007376
00600002000000000000000120790000000000198350005000000000004165
00600002000000000000000120800000000000099170005000000000002083
00600002000000000000000120810000000000785120005000000000016488
00600002000000000000000120820000000002603310005000000000054669
00600002000000000000000120830000000000404960005000000000008504
00600002000000000000000120840000000000578510005000000000012149
00600002000000000000000120850000000000785120005000000000016488
00600002000000000000000120860000000000330580005000000000006942
00600002000000000000000120870000000000322310005000000000006769
00600002000000000000000120880000000000322310005000000000006769
00600002000000000000000120890000000000685950005000000000014405
00600002000000000000000120900000000000652890005000000000013711
00600002000000000000000120910000000000297520005000000000006248
00600002000000000000000120920000000000264460005000000000005554
00600002000000000000000120930000000001727270005000000000036273
00600002000000000000000120940000000000619830005000000000013017
00600002000000000000000120950000000002066120005000000000043388
00600002000000000000000120960000000000785120005000000000016488
00600002000000000000000120970000000000785120005000000000016488
00600002000000000000000120980000000000702480005000000000014752
00600002000000000000000120990000000001925620005000000000040438
00600002000000000000000121000000000003830580005000000000080442
00600002000000000000000121010000000000958680005000000000020132
00600002000000000000000121020000000000326450005000000000006855
00600002000000000000000121030000000000818180005000000000017182
00600002000000000000000121040000000000462810005000000000009719
00600002000000000000000121050000000002272730005000000000047727
00600002000000000000000121060000000000735540005000000000015446
00600002000000000000000121070000000000446280005000000000009372
00600002000000000000000121080000000000404960005000000000008504
00600002000000000000000121090000000000735540005000000000015446
00600002000000000000000121100000000001086780005000000000022822
00600002000000000000000121110000000000785120005000000000016488
00600002000000000000000121120000000000309920005000000000006508
00600002000000000000000121130000000000818180005000000000017182
00600002000000000000000121140000000001400000005000000000029400
00600002000000000000000121150000000001074380005000000000022562
00600002000000000000000121160000000000619830005000000000013017
00600002000000000000000121170000000000396690005000000000008331
00600002000000000000000121180000000000785120005000000000016488
00100002000000000000000000780000000003859500005000000000081050
00600002000000000000000121190000000001421490005000000000029851
00600002000000000000000121200000000000950410005000000000019959
00600002000000000000000121210000000000322310005000000000006769
00600002000000000000000121220000000000198350005000000000004165
00600002000000000000000121230000000001471070005000000000030893
00600002000000000000000121240000000000665290005000000000013971
00600002000000000000000121250000000000537190005000000000011281
00600002000000000000000121260000000000404960005000000000008504
00600002000000000000000121270000000000652890005000000000013711
00600002000000000000000121280000000000413220005000000000008678
00600002000000000000000121290000000000322310005000000000006769
00600002000000000000000121300000000001280990005000000000026901
00600002000000000000000121310000000000933880005000000000019612
00600002000000000000000121320000000001181820005000000000024818
00600002000000000000000121330000000000942150005000000000019785
00600002000000000000000121340000000001057850005000000000022215
00600002000000000000000121350000000001057850005000000000022215
00600002000000000000000121360000000001933880005000000000040612
00600002000000000000000121370000000000371900005000000000007810
00600002000000000000000121380000000000867770005000000000018223
00600002000000000000000121390000000000309920005000000000006508
00600002000000000000000121400000000000702480005000000000014752
00600002000000000000000121410000000001280990005000000000026901
00600002000000000000000121420000000001198350005000000000025165
00600002000000000000000121430000000001024790005000000000021521
00600002000000000000000121440000000000983470005000000000020653
00600002000000000000000121450000000002210740005000000000046426
00600002000000000000000121460000000000735540005000000000015446
00600002000000000000000121470000000000330580005000000000006942
00600002000000000000000121480000000002809920005000000000059008
00600002000000000000000121490000000000289260005000000000006074
00600002000000000000000121500000000000909090005000000000019091
00600002000000000000000121510000000002644630005000000000055537
00600002000000000000000121520000000000818180005000000000017182
00600002000000000000000121530000000001884300005000000000039570
00600002000000000000000121540000000000652890005000000000013711
00600002000000000000000121550000000000454550005000000000009545
00600002000000000000000121560000000000322310005000000000006769
00600002000000000000000121570000000000785120005000000000016488
00600002000000000000000121580000000000607440005000000000012756
00600002000000000000000121590000000000661160005000000000013884
00600002000000000000000121600000000000785120005000000000016488
00600002000000000000000121610000000004111570005000000000086343
00600002000000000000000121620000000003173550005000000000066645
00600002000000000000000121630000000003669420005000000000077058
00600002000000000000000121640000000003818180005000000000080182
00600002000000000000000121650000000003917360005000000000082264
00600002000000000000000121660000000003219010005000000000067599
00600002000000000000000121670000000003818180005000000000080182
00600002000000000000000121680000000004132230005000000000086777
00600002000000000000000121690000000001768600005000000000037140
00600002000000000000000121700000000000528930005000000000011107
00600002000000000000000121710000000000371900005000000000007810
00600002000000000000000121720000000000942150005000000000019785
00600002000000000000000121730000000000619830005000000000013017
00600002000000000000000121740000000000537190005000000000011281
00600002000000000000000121750000000000619830005000000000013017
00600002000000000000000121760000000000247930005000000000005207
00600002000000000000000121770000000000247930005000000000005207
00600002000000000000000121780000000000735540005000000000015446
00600002000000000000000121790000000000487600005000000000010240
00600002000000000000000121800000000000396690005000000000008331
00600002000000000000000121810000000001388430005000000000029157
00600002000000000000000121820000000000735540005000000000015446
00600002000000000000000121830000000001735540005000000000036446
00600002000000000000000121840000000001983470005000000000041653
00600002000000000000000121850000000000454550005000000000009545
00600002000000000000000121860000000000206610005000000000004339
00600002000000000000000121870000000001438020005000000000030198
00600002000000000000000121880000000000082640005000000000001736
00600002000000000000000121890000000000214880005000000000004512
00600002000000000000000121900000000001611570005000000000033843
00600002000000000000000121920000000000351240005000000000007376
00600002000000000000000121930000000000487600005000000000010240
00600002000000000000000121940000000001438020005000000000030198
00600002000000000000000121950000000000611570005000000000012843
00600002000000000000000121960000000000247930005000000000005207
00600002000000000000000121970000000000537190005000000000011281
00600002000000000000000121980000000000206610005000000000004339
00600002000000000000000121990000000000454550005000000000009545
00600002000000000000000122000000000000826450005000000000017355
00600002000000000000000122010000000000735540005000000000015446
00600002000000000000000122020000000000892560005000000000018744
00600002000000000000000122030000000001768600005000000000037140
00600002000000000000000122040000000000371900005000000000007810
00600002000000000000000122050000000000413220005000000000008678
00600002000000000000000122060000000001024790005000000000021521
00600002000000000000000122070000000001983470005000000000041653
00600002000000000000000122080000000000247930005000000000005207
00600002000000000000000122090000000000619830005000000000013017
00600002000000000000000122100000000000735540005000000000015446
00600002000000000000000122110000000000487600005000000000010240
00600002000000000000000122120000000002066120005000000000043388
00600002000000000000000122130000000004095040005000000000085996
00600002000000000000000122140000000001008260005000000000021174
00600002000000000000000122150000000000404960005000000000008504
00600002000000000000000122160000000000289260005000000000006074
00600002000000000000000122170000000001776860005000000000037314
00600002000000000000000122180000000000950410005000000000019959
00600002000000000000000122190000000001780990005000000000037401
00600002000000000000000122200000000000619830005000000000013017
00600002000000000000000122210000000000652890005000000000013711
00600002000000000000000122220000000000363640005000000000007636
00600002000000000000000122230000000000404960005000000000008504
00600002000000000000000122240000000000983470005000000000020653
00600002000000000000000122250000000000838840005000000000017616
00600002000000000000000122260000000001033060005000000000021694
00600002000000000000000122270000000000082640005000000000001736
00600002000000000000000122290000000000640500005000000000013450
00600002000000000000000122300000000002314050005000000000048595
00600002000000000000000122310000000000289260005000000000006074
00600002000000000000000122320000000001115700005000000000023430
00600002000000000000000122330000000001024790005000000000021521
00600002000000000000000122340000000000578510005000000000012149
00600002000000000000000122360000000000330580005000000000006942
00600002000000000000000122370000000000289260005000000000006074
00600002000000000000000122380000000000289260005000000000006074
00600002000000000000000122390000000000495870005000000000010413
00600002000000000000000122400000000000619830005000000000013017
00600002000000000000000122410000000000983470005000000000020653
00600002000000000000000122420000000000702480005000000000014752
00600002000000000000000122430000000000247930005000000000005207
00600002000000000000000122440000000000330580005000000000006942
00600002000000000000000122450000000001545450005000000000032455
00600002000000000000000122460000000000185950005000000000003905
00600002000000000000000122470000000001024790005000000000021521
00600002000000000000000122480000000001033060005000000000021694
00600002000000000000000122490000000000392560005000000000008244
00600002000000000000000122500000000000578510005000000000012149
00600002000000000000000122510000000000392560005000000000008244
00600002000000000000000122520000000000392560005000000000008244
00600002000000000000000122530000000000388430005000000000008157
00600002000000000000000122540000000000578510005000000000012149
00600002000000000000000122550000000000909090005000000000019091
00600002000000000000000122560000000000392560005000000000008244
00600002000000000000000122570000000000735540005000000000015446
00600002000000000000000122580000000000735540005000000000015446
00600002000000000000000122590000000000289260005000000000006074
00600002000000000000000122600000000000289260005000000000006074
00600002000000000000000122610000000001231400005000000000025860
00600002000000000000000122620000000001776860005000000000037314
00600002000000000000000122630000000000793390005000000000016661
00600002000000000000000122640000000000289260005000000000006074
00600002000000000000000122650000000000289260005000000000006074
00600002000000000000000122660000000001471070005000000000030893
00600002000000000000000122670000000000433880005000000000009112
00600002000000000000000122680000000000818180005000000000017182
00600002000000000000000122690000000000735540005000000000015446
00600002000000000000000122700000000000867770005000000000018223
00600002000000000000000122710000000004008260005000000000084174
00600002000000000000000122720000000001983470005000000000041653
00600002000000000000000122730000000000578510005000000000012149
00600002000000000000000122740000000000909090005000000000019091
00600002000000000000000122750000000000355370005000000000007463
00600002000000000000000122760000000000247930005000000000005207
00600002000000000000000122770000000000404960005000000000008504
00600002000000000000000122780000000001099170005000000000023083
00600002000000000000000122790000000000785120005000000000016488
00600002000000000000000122800000000000537190005000000000011281
00600002000000000000000122810000000001074380005000000000022562
00600002000000000000000122820000000000289260005000000000006074
00600002000000000000000122830000000000371900005000000000007810
00600002000000000000000122840000000000578510005000000000012149
00600002000000000000000122850000000000289260005000000000006074
00600002000000000000000122860000000002359500005000000000049550
00600002000000000000000122870000000000206610005000000000004339
00600002000000000000000122880000000000900830005000000000018917
00600002000000000000000122890000000000735540005000000000015446
00600002000000000000000122900000000002272730005000000000047727
00600002000000000000000122910000000000537190005000000000011281
00600002000000000000000122920000000000247930005000000000005207
00600002000000000000000122930000000000433880005000000000009112
00600002000000000000000122940000000000165290005000000000003471
00600002000000000000000122950000000000826450005000000000017355
00600002000000000000000122960000000002661160005000000000055884
00600002000000000000000122970000000002348760005000000000049324
00600002000000000000000122980000000000702480005000000000014752
00600002000000000000000122990000000000396690005000000000008331
00600002000000000000000123000000000000975210005000000000020479
00600002000000000000000123010000000001074380005000000000022562
00600002000000000000000123020000000000206610005000000000004339
00600002000000000000000123030000000000764460005000000000016054
00600002000000000000000123040000000000495870005000000000010413
00600002000000000000000123050000000001537190005000000000032281
00600002000000000000000123060000000002148760005000000000045124
00600002000000000000000123070000000002892560005000000000060744
00600002000000000000000123080000000001710740005000000000035926
00600002000000000000000123100000000000053720005000000000001128
00600002000000000000000123110000000000392560005000000000008244
00600002000000000000000123120000000000247930005000000000005207
00600002000000000000000123130000000000826450005000000000017355
00600002000000000000000123140000000000867770005000000000018223
00600002000000000000000123150000000000396690005000000000008331
00600002000000000000000123160000000000247930005000000000005207
00600002000000000000000123170000000003082640005000000000064736
00600002000000000000000123180000000000785120005000000000016488
00600002000000000000000123190000000002066120005000000000043388
00600002000000000000000123200000000000826450005000000000017355
00600002000000000000000123210000000000247930005000000000005207
00600002000000000000000123220000000000165290005000000000003471
00600002000000000000000123230000000003520660005000000000073934
00600002000000000000000123240000000002983470005000000000062653
00600002000000000000000123250000000002148760005000000000045124
00600002000000000000000123260000000003223140005000000000067686
00600002000000000000000123270000000003776860005000000000079314
00600002000000000000000123280000000000446280005000000000009372
00600002000000000000000123290000000001644630005000000000034537
00600002000000000000000123300000000000392560005000000000008244
00600002000000000000000123310000000000392560005000000000008244
00600002000000000000000123320000000003971070005000000000083393
00600002000000000000000123330000000003644630005000000000076537
00600002000000000000000123340000000001458680005000000000030632
00600002000000000000000123350000000000495870005000000000010413
00600002000000000000000123360000000001553720005000000000032628
00600002000000000000000123370000000000495870005000000000010413
00600002000000000000000123380000000000599170005000000000012583
00600002000000000000000123390000000000950410005000000000019959
00600002000000000000000123400000000000272730005000000000005727
00600002000000000000000123410000000000330580005000000000006942
00600002000000000000000123420000000000330580005000000000006942
00600002000000000000000123430000000001280990005000000000026901
00600002000000000000000123440000000001818180005000000000038182
00600002000000000000000123450000000000537190005000000000011281
00600002000000000000000123460000000000392560005000000000008244
00600002000000000000000123470000000000392560005000000000008244
00600002000000000000000123480000000000867770005000000000018223
00600002000000000000000123500000000001115700005000000000023430
00600002000000000000000123510000000000578510005000000000012149
00600002000000000000000123520000000000735540005000000000015446
00600002000000000000000123530000000000157020005000000000003298
00600002000000000000000123540000000000289260005000000000006074
00600002000000000000000123550000000001024790005000000000021521
00600002000000000000000123560000000000247930005000000000005207
00600002000000000000000123570000000000599170005000000000012583
00600002000000000000000123580000000000371900005000000000007810
00600002000000000000000123590000000000247930005000000000005207
00600002000000000000000123600000000000723140005000000000015186
00600002000000000000000123610000000000206610005000000000004339
00600002000000000000000123620000000000330580005000000000006942
00600002000000000000000123630000000000413220005000000000008678
00600002000000000000000123640000000000900830005000000000018917
00600002000000000000000123650000000001280990005000000000026901
00600002000000000000000123660000000000661160005000000000013884
00600002000000000000000123670000000000950410005000000000019959
00600002000000000000000123680000000000603310005000000000012669
00600002000000000000000123690000000002272730005000000000047727
00600002000000000000000123700000000000289260005000000000006074
00600002000000000000000123710000000000950410005000000000019959
00600002000000000000000123720000000000735540005000000000015446
00600002000000000000000123730000000000652890005000000000013711
00600002000000000000000123740000000000942150005000000000019785
00600002000000000000000123760000000001198350005000000000025165
00600002000000000000000123770000000004012400005000000000084260
00600002000000000000000123780000000000578510005000000000012149
00600002000000000000000123790000000000950410005000000000019959
00600002000000000000000123800000000000413220005000000000008678
00600002000000000000000123810000000000247930005000000000005207
00600002000000000000000123820000000000537190005000000000011281
00600002000000000000000123830000000000322310005000000000006769
00600002000000000000000123840000000000289260005000000000006074
00600002000000000000000123850000000000619830005000000000013017
00600002000000000000000123860000000000818180005000000000017182
00600002000000000000000123870000000000392560005000000000008244
00600002000000000000000123880000000001012400005000000000021260
00600002000000000000000123890000000001198350005000000000025165
00600002000000000000000123900000000000818180005000000000017182
00600002000000000000000123910000000000165290005000000000003471
00600002000000000000000123920000000000165290005000000000003471
00600002000000000000000123930000000000537190005000000000011281
00600002000000000000000123940000000000206610005000000000004339
00600002000000000000000123950000000000702480005000000000014752
00600002000000000000000123960000000000289260005000000000006074
00600002000000000000000123970000000001471070005000000000030893
00600002000000000000000123980000000000433880005000000000009112
00600002000000000000000123990000000000818180005000000000017182
00600002000000000000000124000000000000553720005000000000011628
00600002000000000000000124010000000000909090005000000000019091
00600002000000000000000124020000000000181820005000000000003818
00600002000000000000000124030000000000330580005000000000006942
00600002000000000000000124040000000000247930005000000000005207
00600002000000000000000124050000000001033060005000000000021694
00600002000000000000000124060000000001024790005000000000021521
00600002000000000000000124070000000001028930005000000000021607
00600002000000000000000124080000000000991740005000000000020826
00600002000000000000000124090000000000900830005000000000018917
00600002000000000000000124100000000000247930005000000000005207
00600002000000000000000124110000000000809920005000000000017008
00600002000000000000000124120000000000619830005000000000013017
00600002000000000000000124130000000000371900005000000000007810
00600002000000000000000124140000000000392560005000000000008244
00600002000000000000000124150000000000247930005000000000005207
00600002000000000000000124160000000000247930005000000000005207
00600002000000000000000124170000000000206610005000000000004339
00600002000000000000000124180000000002066120005000000000043388
00600002000000000000000124190000000000826450005000000000017355
00600002000000000000000124200000000000785120005000000000016488
00600002000000000000000124210000000000735540005000000000015446
00600002000000000000000124220000000000289260005000000000006074
00600002000000000000000124230000000000785120005000000000016488
00600002000000000000000124240000000000322310005000000000006769
00600002000000000000000124260000000000578510005000000000012149
00600002000000000000000124270000000000413220005000000000008678
00600002000000000000000124280000000000198350005000000000004165
00600002000000000000000124290000000000371900005000000000007810
00600002000000000000000124300000000000826450005000000000017355
00600002000000000000000124310000000000826450005000000000017355
00600002000000000000000124320000000001322310005000000000027769
00600002000000000000000124330000000000900830005000000000018917
00600002000000000000000124340000000000818180005000000000017182
00600002000000000000000124350000000000495870005000000000010413
00600002000000000000000124360000000000322310005000000000006769
00600002000000000000000124370000000000578510005000000000012149
00600002000000000000000124380000000000818180005000000000017182
00600002000000000000000124390000000000570250005000000000011975
00600002000000000000000124400000000000289260005000000000006074
00600002000000000000000124410000000001355370005000000000028463
00600002000000000000000124420000000000826450005000000000017355
00600002000000000000000124430000000000396690005000000000008331
00600002000000000000000124440000000000652890005000000000013711
00600002000000000000000124450000000000661160005000000000013884
00600002000000000000000124460000000001657020005000000000034798
00600002000000000000000124470000000000413220005000000000008678
00600002000000000000000124480000000002148760005000000000045124
00600002000000000000000124490000000000475210005000000000009979
00600002000000000000000124500000000000413220005000000000008678
00600002000000000000000124510000000000454550005000000000009545
00600002000000000000000124520000000000661160005000000000013884
00600002000000000000000124530000000001404960005000000000029504
00600002000000000000000124540000000000289260005000000000006074
00600002000000000000000124550000000001900830005000000000039917
00600002000000000000000124560000000000247930005000000000005207
00600002000000000000000124570000000000322310005000000000006769
00600002000000000000000124580000000001487600005000000000031240
00600002000000000000000124590000000001305790005000000000027421
00600002000000000000000124600000000000818180005000000000017182
00600002000000000000000124610000000000247930005000000000005207
00600002000000000000000124620000000000165290005000000000003471
00600002000000000000000124630000000000495870005000000000010413
00600002000000000000000124640000000003285120005000000000068988
00600002000000000000000124650000000003838840005000000000080616
00600002000000000000000124660000000003505790005000000000073621
00600002000000000000000124670000000003780990005000000000079401
00600002000000000000000124680000000000760330005000000000015967
00600002000000000000000124690000000000619830005000000000013017
00600002000000000000000124700000000000247930005000000000005207
00600002000000000000000124710000000000206610005000000000004339
00600002000000000000000124720000000002471070005000000000051893
00600002000000000000000124730000000000322310005000000000006769
00600002000000000000000124740000000000247930005000000000005207
00600002000000000000000124750000000000367770005000000000007723
00600002000000000000000124760000000000694210005000000000014579
00600002000000000000000124770000000000743800005000000000015620
00600002000000000000000124780000000000392560005000000000008244
00600002000000000000000124790000000000735540005000000000015446
00600002000000000000000124800000000000289260005000000000006074
00600002000000000000000124810000000000330580005000000000006942
00600002000000000000000124820000000000165290005000000000003471
00600002000000000000000124830000000000392560005000000000008244
00600002000000000000000124840000000000177690005000000000003731
00600002000000000000000124850000000000247930005000000000005207
00600002000000000000000124860000000000289260005000000000006074
00600002000000000000000124870000000000326450005000000000006855
00600002000000000000000124880000000000330580005000000000006942
00600002000000000000000124890000000000330580005000000000006942
00600002000000000000000124900000000000723140005000000000015186
00600002000000000000000124910000000000785120005000000000016488
00600002000000000000000124920000000000578510005000000000012149
00600002000000000000000124930000000000289260005000000000006074
00600002000000000000000124940000000000371900005000000000007810
00600002000000000000000124950000000000909090005000000000019091
00600002000000000000000124960000000000644630005000000000013537
00600002000000000000000124970000000000322310005000000000006769
00600002000000000000000124980000000000289260005000000000006074
00600002000000000000000124990000000000735540005000000000015446
00600002000000000000000125000000000002396690005000000000050331
00600002000000000000000125010000000001033060005000000000021694
00600002000000000000000125020000000000247930005000000000005207
00600002000000000000000125030000000000247930005000000000005207
00600002000000000000000125040000000000475210005000000000009979
00600002000000000000000125070000000001305790005000000000027421
00600002000000000000000125080000000000392560005000000000008244
00600002000000000000000125090000000000991740005000000000020826
00600002000000000000000125100000000000330580005000000000006942
00600002000000000000000125110000000000322310005000000000006769
00600002000000000000000125120000000000537190005000000000011281
00600002000000000000000125130000000000652890005000000000013711
00600002000000000000000125140000000001045450005000000000021955
00600002000000000000000125150000000000396690005000000000008331
00600002000000000000000125160000000000165290005000000000003471
00600002000000000000000125170000000000909090005000000000019091
00600002000000000000000125180000000000818180005000000000017182
00600002000000000000000125190000000000743800005000000000015620
00600002000000000000000125200000000001157020005000000000024298
00600002000000000000000125210000000000735540005000000000015446
00600002000000000000000125220000000000723140005000000000015186
00600002000000000000000125230000000000206610005000000000004339
00600002000000000000000125240000000000487600005000000000010240
00600002000000000000000125250000000002479340005000000000052066
00600002000000000000000125260000000000603310005000000000012669
00600002000000000000000125270000000000247930005000000000005207
00600002000000000000000125050000000004132230005000000000086777
00600002000000000000000125060000000001652890005000000000034711
00600002000000000000000125280000000000495870005000000000010413
00600002000000000000000125300000000001157020005000000000024298
00600002000000000000000125310000000000991740005000000000020826
00600002000000000000000125320000000000330580005000000000006942
00600002000000000000000125330000000000247930005000000000005207
00600002000000000000000125340000000000644630005000000000013537
00600002000000000000000125350000000000677690005000000000014231
00600002000000000000000125360000000000495870005000000000010413
00600002000000000000000125370000000000818180005000000000017182
00600002000000000000000125380000000000809920005000000000017008
00600002000000000000000125390000000000785120005000000000016488
00600002000000000000000125400000000002140500005000000000044950
00600002000000000000000125410000000000396690005000000000008331
00600002000000000000000125420000000000247930005000000000005207
00600002000000000000000125430000000001280990005000000000026901
00600002000000000000000125440000000000867770005000000000018223
00600002000000000000000125450000000000454550005000000000009545
00600002000000000000000125460000000000454550005000000000009545
00600002000000000000000125470000000000322310005000000000006769
00600002000000000000000125480000000002293390005000000000048161
00600002000000000000000125490000000001033060005000000000021694
00600002000000000000000125500000000000322310005000000000006769
00600002000000000000000125510000000000570250005000000000011975
00600002000000000000000125520000000000396690005000000000008331
00600002000000000000000125290000000003533060005000000000074194
00600002000000000000000125530000000000537190005000000000011281
00600002000000000000000125540000000001115700005000000000023430
00600002000000000000000125550000000000537190005000000000011281
00600002000000000000000125560000000001016530005000000000021347
00600002000000000000000125570000000000880170005000000000018483
00600002000000000000000125580000000001066120005000000000022388
00600002000000000000000125590000000000487600005000000000010240
00600002000000000000000125600000000000247930005000000000005207
00600002000000000000000125610000000000785120005000000000016488
00600002000000000000000125620000000000764460005000000000016054
00600002000000000000000125630000000001115700005000000000023430
00600002000000000000000125640000000000867770005000000000018223
00600002000000000000000125650000000001198350005000000000025165
00600002000000000000000125660000000000537190005000000000011281
00600002000000000000000125670000000000909090005000000000019091
00600002000000000000000125680000000001305790005000000000027421
00600002000000000000000125690000000001570250005000000000032975
00600002000000000000000125700000000000652890005000000000013711
00600002000000000000000125710000000000991740005000000000020826
00600002000000000000000125720000000000289260005000000000006074
00600002000000000000000125730000000000818180005000000000017182
00600002000000000000000125740000000002264460005000000000047554
00600002000000000000000125750000000000983470005000000000020653
00600002000000000000000125760000000000495870005000000000010413
00600002000000000000000125770000000000867770005000000000018223
00600002000000000000000125780000000000289260005000000000006074
00600002000000000000000125790000000000466940005000000000009806
00600002000000000000000125800000000000495870005000000000010413
00600002000000000000000125810000000000371900005000000000007810
00600002000000000000000125820000000001652890005000000000034711
00600002000000000000000125830000000002743800005000000000057620
00600002000000000000000125840000000001545450005000000000032455
00600002000000000000000125850000000002268600005000000000047640
00600002000000000000000125860000000001487600005000000000031240
00600002000000000000000125870000000001801650005000000000037835
00600002000000000000000125880000000002355370005000000000049463
00600002000000000000000125890000000000371900005000000000007810
00600002000000000000000125900000000000909090005000000000019091
00600002000000000000000125910000000000487600005000000000010240
00600002000000000000000125920000000000578510005000000000012149
00600002000000000000000125930000000000785120005000000000016488
00600002000000000000000125940000000002272730005000000000047727
00600002000000000000000125950000000003842980005000000000080702
00600002000000000000000125960000000003619830005000000000076017
00600002000000000000000125970000000003504130005000000000073587
00600002000000000000000125980000000003954550005000000000083045
00600002000000000000000125990000000000495870005000000000010413
00600002000000000000000126000000000000537190005000000000011281
00600002000000000000000126010000000000652890005000000000013711
00600002000000000000000126020000000000661160005000000000013884
00600002000000000000000126030000000000661160005000000000013884
00600002000000000000000126040000000000661160005000000000013884
00600002000000000000000126050000000000735540005000000000015446
00600002000000000000000126060000000000330580005000000000006942
00600002000000000000000126070000000001000000005000000000021000
00600002000000000000000126080000000000475210005000000000009979
00600002000000000000000126090000000000950410005000000000019959
00600002000000000000000126100000000001479340005000000000031066
00600002000000000000000126110000000000818180005000000000017182
00600002000000000000000126130000000000652890005000000000013711
00600002000000000000000126140000000001219010005000000000025599
00600002000000000000000126150000000001528930005000000000032107
00600002000000000000000126160000000001223140005000000000025686
00600002000000000000000126170000000000247930005000000000005207
00600002000000000000000126180000000001082640005000000000022736
00600002000000000000000126190000000000433880005000000000009112
00600002000000000000000126200000000000396690005000000000008331
00600002000000000000000126210000000000516530005000000000010847
00600002000000000000000126220000000001190080005000000000024992
00600002000000000000000126230000000000818180005000000000017182
00600002000000000000000126240000000000867770005000000000018223
00600002000000000000000126250000000001033060005000000000021694
00600002000000000000000126260000000000272730005000000000005727
00600002000000000000000126270000000000983470005000000000020653
00600002000000000000000126280000000000041320005000000000000868
00600002000000000000000126290000000000289260005000000000006074
00600002000000000000000126300000000000495870005000000000010413
00600002000000000000000126310000000000322310005000000000006769
00600002000000000000000126320000000000735540005000000000015446
00600002000000000000000126330000000000371900005000000000007810
00600002000000000000000126340000000001900830005000000000039917
00600002000000000000000126350000000000619830005000000000013017
00600002000000000000000126360000000000561980005000000000011802
00600002000000000000000126370000000000322310005000000000006769
00600002000000000000000126380000000000818180005000000000017182
00600002000000000000000126390000000000413220005000000000008678
00600002000000000000000126400000000000247930005000000000005207
00600002000000000000000126410000000002917360005000000000061264
00600002000000000000000126420000000000942150005000000000019785
00600002000000000000000126430000000000247930005000000000005207
00600002000000000000000126440000000000570250005000000000011975
00600002000000000000000126450000000000785120005000000000016488
00600002000000000000000126460000000000247930005000000000005207
00600002000000000000000126470000000001553720005000000000032628
00600002000000000000000126480000000000578510005000000000012149
00600002000000000000000126490000000002305790005000000000048421
00600002000000000000000126500000000000322310005000000000006769
00600002000000000000000126510000000000917360005000000000019264
00600002000000000000000126520000000000578510005000000000012149
00600002000000000000000126530000000000735540005000000000015446
00600002000000000000000126540000000000057850005000000000001215
00600002000000000000000126550000000002066120005000000000043388
00600002000000000000000126560000000000330580005000000000006942
00600002000000000000000126570000000000165290005000000000003471
00600002000000000000000126580000000000330580005000000000006942
00600002000000000000000126590000000000289260005000000000006074
00600002000000000000000126600000000000504130005000000000010587
00600002000000000000000126610000000000909090005000000000019091
00600002000000000000000126620000000000371900005000000000007810
00600002000000000000000126630000000000371900005000000000007810
00600002000000000000000126640000000000371900005000000000007810
00600002000000000000000126650000000000247930005000000000005207
