00100005000000000000000004070000000077650870005000000001630667
00100005000000000000000004080000000002235000005000000000046935
00100005000000000000000004090000000004804620005000000000100897
00100005000000000000000004100000000001332000005000000000027972
00100005000000000000000004110000000004258220005000000000089423
00100005000000000000000004120000000099606700005000000002091740
00100005000000000000000004130000000015906500005000000000334036
00100005000000000000000004140000000001467200005000000000030811
00100005000000000000000004150000000020663500005000000000433934
00100005000000000000000004160000000008090580005000000000169902
00100005000000000000000004170000000001293000005000000000027153
00100005000000000000000004180000000008718130004000000000091540
00100005000000000000000004190000000083023360005000000001743491
00100005000000000000000004200000000120291020005000000002526112
00100005000000000000000004210000000133848690005000000002810823
00300005000000000000000000260000000001467200005000000000030811
00100005000000000000000004220000000000542930005000000000011402
00100005000000000000000004230000000000000000003000000000000000
00300005000000000000000000270000000009381670005000000000197015
00100005000000000000000004240000000018789200005000000000394573
00100005000000000000000004250000000035547720005000000000746502
00100005000000000000000004260000000005646000005000000000118566
00100005000000000000000004270000000000223000005000000000004683
00100005000000000000000004280000000031426160005000000000659949
00100005000000000000000004290000000005052820005000000000106109
00100005000000000000000004300000000002476600005000000000052008
00100005000000000000000004310000000000163200005000000000003427
00100005000000000000000004320000000004983120005000000000104646
00100005000000000000000004330000000098883700005000000002076558
00100005000000000000000004340000000015865250005000000000333170
00100005000000000000000004350000000000542930005000000000011402
00100005000000000000000004360000000002248000005000000000047208
00100005000000000000000004370000000017707500005000000000371858
00100005000000000000000004380000000061155000005000000001284255
00100005000000000000000004390000000001595000005000000000033495
00100005000000000000000004400000000006074100005000000000127556
00100005000000000000000004410000000002773450005000000000058242
00100005000000000000000004420000000000231850005000000000004869
00300005000000000000000000280000000017138570005000000000359910
00100005000000000000000004430000000018409150005000000000386592
00100005000000000000000004440000000017138570005000000000359910
