001000010000000000002016070180000000000307094478460000000000146000005000000000003066
001000010000000000002016070280000000000307094478460000000000393000005000000000008253
001000010000000000002016070380000000000307094478460000000000004290004000000000000045
001000030000000000000000055680000000000307105374840000000000169430005000000000003558
001000070000000000000000998380000000000306937620370000000011340100005000000000238142
001000070000000000111111998380000000000306937620370000000001887500004000000000019819
001000040000000000000000890380000000000307089494810000000005738000005000000000120498
001000720000000000000007300980000000000306961730080000000000306770005000000000006442
001000720000000000000007300880000000000306961730080000000000230860005000000000004848
001000890000000000000000201880000000000307000821010000000000184330005000000000003871
001000890000000000111111201880000000000307000821010000000000029870004000000000000314
001000890000000000000000199080000000000307000821010000000000371750005000000000007807
001000880000000000000000194580000000000307000821010000000000235660005000000000004949
001000860000000000000000116180000000000307000821010000000000241970005000000000005081
001000860000000000111111116180000000000307000821010000000000012220004000000000000128
001000890000000000000000201380000000000307000821010000000000388220005000000000008153
001000890000000000111111201380000000000307000821010000000000058690004000000000000616
001000210000000000000005105280000000000307083345920000000000122770005000000000002578
001000210000000000000005253780000000000307083345920000000000184150005000000000003867
001000210000000000000005291880000000000307083345920000000000184150005000000000003867
001000210000000000000005335080000000000307083345920000000000184150005000000000003867
001000210000000000000005014380000000000307083345920000000000245530005000000000005156
001000210000000000000005137880000000000307083345920000000000184150005000000000003867
001000210000000000000005132080000000000307083345920000000000203150005000000000004266
001000210000000000000005107480000000000307083345920000000000270870005000000000005688
001000210000000000000005233980000000000307083345920000000000135440005000000000002844
001000210000000000000004572480000000000307083345920000000000184150005000000000003867
001000210000000000000004615380000000000307083345920000000000245530005000000000005156
001000210000000000000005006580000000000307083345920000000000270870005000000000005688
001000340000000000000002513780000000000305433564210000000000127610005000000000002680
001000340000000000000002590180000000000305433564210000000000203150005000000000004266
001000150000000000000002835180000000000305433658460000000000139550005000000000002930
