001000010000000000002017020180000000000305000084540000000000740000005000000000015540
001000070000000000000002904580000000000307000670210000000001303750005000000000027379
001000070000000000000002909980000000000307000670210000000002692170005000000000056536
001000070000000000000002910180000000000307000670210000000009253280005000000000194319
001000070000000000000002821180000000000307000670210000000004347190005000000000091291
001000070000000000000002498380000000000307000670210000000008134990005000000000170835
003000070000000000000000331480000000000307000670210000000006771370005000000000142199
001000070000000000000002253180000000000307000670210000000011127840005000000000233685
001000070000000000000002253080000000000307000670210000000000771900005000000000016210
001000070000000000000002252980000000000307000670210000000008444530005000000000177335
001000070000000000000003312180000000000307000670210000000004747240005000000000099692
001000070000000000000003312080000000000307000670210000000001270130005000000000026673
001000040000000000000000988480000000000201045138250000000005518810005000000000115895
001000040000000000000000019980000000000201491391180000000001915280005000000000040221
003001060000000000000000172580000000000305597150810000000003491640005000000000073324
001001060000000000000000716980000000000305597150810000000056841740005000000001193677
001001060000000000000000715380000000000305597150810000000002785550005000000000058497
001001060000000000000000718580000000000305597150810000000004098230005000000000086063
001001060000000000000000792080000000000305597150810000000005305250005000000000111410
001000040000000000000001342080000000000307119314020000000002210820005000000000046427
001000040000000000000001352480000000000307119314020000000005340230005000000000112145
001000150000000000000001862980000000000305763742470000000007901290005000000000165927
001000030000000000000000676980000000000307081802850000000004462810005000000000093719
