002010250000000000000006953680000000000305011992530000000238159680005000000005001353
002010250000000000000006953780000000000305011992530000000143735260005000000003018440
001010270000000000000000500780000000000305011992530000000140511940005000000002950751
003010250000000000000005085780000000000305011992530000000094112480005000000001976362
003010250000000000000005085680000000000305011992530000000047079360005000000000988666
001010270000000000000000495480000000000305011992530000000129275930005000000002714794
003010250000000000000005067780000000000305011992530000000129901460005000000002727931
001010270000000000000000488680000000000305011992530000000060884260005000000001278569
003010250000000000000005054180000000000305011992530000000061178860005000000001284756
001010270000000000000000508880000000000305011992530000000118918120005000000002497281
003010250000000000000005113580000000000305011992530000000000000000003000000000000000
003010250000000000000005125680000000000305011992530000000049622790005000000001042078
003010250000000000000005141380000000000305011992530000000000000000003000000000000000
001010100000000000000017913780000000000305011992530000000035411430005000000000743640
001010100000000000000017958780000000000305011992530000000041148860005000000000864126
001000110000000000000007275480000000000306392012320000000237668900005000000004991047
003000110000000000000000746080000000000306392012320000000009506760005000000000199642
001000050000000000000000236180000000000305863213890000000047757240005000000001002902
001000430000000000000009530880000000000335009085190000000037781890005000000000793420
001000430000000000000009530980000000000335009085190000000037411410005000000000785640
001000430000000000000009531180000000000335009085190000000037528830005000000000788105
001000210000000000000010649680000000000305528161680000000046850230005000000000983855
003000210000000000000003220080000000000305528161680000000002022690005000000000042476
001000210000000000000010744180000000000305528161680000000110223240005000000002314688
001000210000000000000010744280000000000305528161680000000033499480005000000000703489
001000740000000000000004784280000000000305030372260000000011472540005000000000240923
001000740000000000000004784180000000000305030372260000000011500890005000000000241519
001000740000000000000004786180000000000305030372260000000050552630005000000001061605
001000040000000000000001302180000000000306092852610000000013941520005000000000292772
001000040000000000000000652980000000000306754074160000000022250410005000000000467259
003000040000000000000000393180000000000306754074160000000004753200005000000000099817
001000090000000000000033090680000000000307072971540000000007130500005000000000149741
001000090000000000000033090780000000000307072971540000000006793030005000000000142654
001000090000000000000033090880000000000307072971540000000012358220005000000000259523
001000090000000000000033090980000000000307072971540000000007791910005000000000163630
001000090000000000000033091080000000000307072971540000000006160760005000000000129376
001000090000000000000033091180000000000307072971540000000004641340005000000000097468
001000090000000000000033091280000000000307072971540000000001964250005000000000041249
001000090000000000000033091380000000000307072971540000000000844320005000000000017731
001000090000000000000033091480000000000307072971540000000001123350005000000000023590
001000090000000000000033091580000000000307072971540000000001000230005000000000021005
001000090000000000000033091680000000000307072971540000000000842290005000000000017688
001000090000000000000033091780000000000307072971540000000000555780005000000000011671
001000030000000000000002942980000000000336800218190000000012042780005000000000252898
001000030000000000000000631480000000000337124923390000000002864460005000000000060154
001000290000000000000000902680000000000305001301280000000000539980004000000000005670
001000290000000000000000913880000000000305001301280000000001620020004000000000017010
001000290000000000000000923880000000000305001301280000000001980000004000000000020790
001000020000000000000000065180000000000307119645560000000024346000005000000000511266
001005010000000000000014074880000000000305005308510000000196452090005000000004125494
003005010000000000000006147980000000000305005308510000000099809840005000000002096007
001005010000000000000014045280000000000305005308510000000815838510005000000017132609
001005010000000000000014045380000000000305005308510000000062529540005000000001313120
001005010000000000000014107180000000000305005308510000000395517780005000000008305873
001000020000000000000000455680000000000307124799450000000007512000005000000000157752
001000150000000000000000569180000000000307117942860000000004302000005000000000090342
001000030000000000000002370580000000000307117942860000000000130030005000000000002731
001000030000000000000000051180000000000201673509930000000001600000005000000000033600
001000040000000000000003970180000000000307035963940000000006965440005000000000146274
001000050000000000000000106480000000000306077694150000000010076400005000000000211604
001000460000000000000000190480000000000306215589820000000001371040004000000000014396
001000030000000000000000006080000000000232629364490000000030975960005000000000650495
001000230000000000000002808380000000000305560955970000000001811550005000000000038043
001000230000000000000002808580000000000305560955970000000019991240005000000000419816
001000230000000000000002808780000000000305560955970000000007774180005000000000163258
001000230000000000000002808880000000000305560955970000000024367950005000000000511727
001000230000000000000002801880000000000305560955970000000076519040005000000001606900
001000230000000000000002798480000000000305560955970000000072398980005000000001520379
001000240000000000000000432680000000000306813051290000000011469740005000000000240865
001000710000000000000001202380000000000306446859060000000000178500005000000000003749
001000710000000000000001257480000000000306446859060000000000178500005000000000003749
001000010000000000000000130780000000000307150823370000000010376720005000000000217911
001000030000000000000000234080000000000270509982960000000000276860005000000000005814
001000720000000000000009044380000000000306961730080000000000346700005000000000007281
001000720000000000000009198580000000000306961730080000000000562150005000000000011805
001000720000000000000009346680000000000306961730080000000000409080005000000000008591
001000090000000000000001365480000000000306990978840000000005574000005000000000117054
001020930000000000000653135080000000000306788143570000000000001670006000000000000045
001001010000000000000035001280000000000306906336350000000000224200006000000000006054
001001010000000000000034758680000000000306906336350000000001220190006000000000032945
001001010000000000000034816580000000000306906336350000000000644010006000000000017388
001001010000000001111134816580000000000306906336350000000000001230005000000000000026
001001010000000000000034817780000000000306906336350000000000299710006000000000008092
001001010000000001111134817780000000000306906336350000000000000560005000000000000012
001001010000000000000035285580000000000306906336350000000000426470006000000000011515
001001010000000001111135285580000000000306906336350000000000000120005000000000000003
001001010000000000000035075180000000000306906336350000000000189820006000000000005125
001001010000000001111135075180000000000306906336350000000000000170005000000000000004
001010220000000000000567532080000000000305736520840000000000511570005000000000010743
001010220000000000000581046080000000000305736520840000000000524050005000000000011005
001010220000000000000567371980000000000305736520840000000000518590005000000000010890
001010220000000000000580944680000000000305736520840000000000610330005000000000012817
001010220000000000000581058180000000000305736520840000000000610330005000000000012817
001081030000000000001625956780000000000306394537380000000000144300006000000000003896
001081050000000000001534430680000000000306394537380000000000616140006000000000016636
001081050000000001111534430680000000000306394537380000000000024370005000000000000512
001055120000000000000214431380000000000306781864450000000000870970006000000000023516
001055120000000000000213979180000000000306781864450000000001821870006000000000049190
001055120000000001111213979180000000000306781864450000000000596130005000000000012519
001000060000000000000000997580000000000335218175990000000002012600005000000000042265
001000060000000000000000950280000000000335218175990000000000844500005000000000017735
001000060000000000000000963080000000000335218175990000000005407930005000000000113566
001000060000000000000000989480000000000335218175990000000004299400005000000000090287
001000060000000000000001014780000000000335218175990000000002129460005000000000044719
001000020000000000000000129380000000000270467398470000000001358640005000000000028531
001000040000000000000007363580000000000305353026060000000016206970005000000000340346
001000040000000000000000121080000000000307099622950000000007181140005000000000150804
001000210000000000000010818580000000000305528161680000000046850230005000000000983855
001000210000000000000010783180000000000305528161680000000041874350005000000000879361
001000210000000000000010783080000000000305528161680000000113965660005000000002393279
001000740000000000000004841880000000000305030372260000000001111340005000000000023338
001000740000000000000005028580000000000305030372260000000015776550005000000000331308
001000740000000000000005028680000000000305030372260000000069121620005000000001451554
001000020000000000000000467880000000000307124799450000000006489000005000000000136269
001000290000000000000000942380000000000305001301280000000002457000004000000000025799
001000030000000000000002401880000000000307117942860000000004518000005000000000094878
001005010000000000000014140780000000000305005308510000000491130220005000000010313735
001005010000000000000014140880000000000305005308510000000025873090005000000000543335
001000230000000000000002826080000000000305560955970000000012007760005000000000252163
001000030000000000000000006380000000000232629364490000000031000880005000000000651019
001000010000000000000002040180000000000307136789090000000003304480005000000000069394
001000200000000000000000209180000000000305053748660000000008210100005000000000172412
001000150000000000000002527080000000000305433644750000000000297520005000000000006248
001000710000000000000001279280000000000306446859060000000000193380005000000000004061
001000110000000000000001143080000000000305635165730000000001389260005000000000029174
001000110000000000000001157980000000000305635165730000000001198350005000000000025165
001000020000000000000000026680000000000307140844250000000006022200005000000000126466
