00100002000000000000000000140000000000311910005000000000006549
00100002000000000000000000150000000003896500005000000000081826
00100002000000000000000000160000000011492600005000000000241345
00100002000000000000000000170000000004925510005000000000103436
00100002000000000000000000180000000001090920005000000000022909
00300002000000000000000000010000000004925510005000000000103436
00600002000000000000000000040000000004924410005000000000103413
00100002000000000000000000190000000006075200005000000000127579
00100002000000000000000000200000000006148760005000000000129124
00100002000000000000000000210000000001057860005000000000022215
00600002000000000000000000050000000000198610005000000000004169
00100002000000000000000000220000000000207920005000000000004366
00600002000000000000000000060000000000796360005000000000016724
00100002000000000000000000230000000001090960005000000000022910
