001000070000000000000000141280000000000201708716190000000001322310005000000000027769
001000010000000000000001731980000000000307076562510000000003414980005000000000071714
001001440000000000000000434480000000000305597150810000000002967520005000000000062318
001000040000000000000001154080000000000307119314020000000000521670005000000000010955
001000040000000000000001203980000000000307119314020000000001127970005000000000023687
001000040000000000000001211980000000000307119314020000000000148810005000000000003125
001000040000000000000001191680000000000307119314020000000000375990005000000000007896
001000050000000000000000078180000000000201646150230000000002231400005000000000046860
001000050000000000000000078980000000000201646150230000000001024790005000000000021521
001001190000000000000001157880000000000305597150810000000000664040005000000000013945
001001190000000000000001245680000000000305597150810000000000330970005000000000006950
001001060000000000000000737780000000000305597150810000000036340820005000000000763157
001001060000000000000000748380000000000305597150810000000012580620005000000000264193
001000050000000000000003532580000000000307071743890000000000201550005000000000004233
001000050000000000000003512080000000000307071743890000000000370980005000000000007791
001000050000000000000003572580000000000307071743890000000000079010005000000000001659
001000040000000000000000684480000000000201045138250000000031076980005000000000652617
001000040000000000000000684680000000000201045138250000000006228900005000000000130807
001000040000000000000000683580000000000201045138250000000001394170005000000000029277
001000040000000000000000683280000000000201045138250000000036415700005000000000764730
001000040000000000111111683280000000000201045138250000000003543770004000000000037210
001000040000000000000000683480000000000201045138250000000008827910005000000000185386
001000070000000000000002603980000000000307000670210000000010312140005000000000216555
001000070000000000000002605080000000000307000670210000000008908750005000000000187084
001000070000000000000002604980000000000307000670210000000026430150005000000000555033
001000070000000000000002604780000000000307000670210000000006597480005000000000138547
001000070000000000000002604680000000000307000670210000000019507930005000000000409667
001000070000000000000002604580000000000307000670210000000011688510005000000000245459
001000070000000000000002604480000000000307000670210000000005987060005000000000125728
001000070000000000000002604280000000000307000670210000000018497300005000000000388443
001000070000000000000002604180000000000307000670210000000021544440005000000000452433
001000070000000000000002604080000000000307000670210000000010179760005000000000213775
003000150000000000000000235880000000000305763742470000000008677010005000000000182217
001000100000000000000000221180000000000307121142110000000006472000005000000000135912
001000140000000000000000379880000000000305597328300000000000276850005000000000005814
001061560000000000000000057380000000000306439221570000000000794210005000000000016679
001031560000000000000000004480000000000337110430690000000000998350005000000000020965
001061560000000000000000052980000000000306439221570000000000165290005000000000003471
001061560000000000000000053080000000000306439221570000000000165290005000000000003471
001061560000000000000000052880000000000306439221570000000000165290005000000000003471
001000020000000000000000412680000000000202305355910000000001355370005000000000028463
001000030000000000000000814580000000000201645109060000000002446280005000000000051372
001000010000000000000000875580000000000337080667590000000001090910005000000000022909
001000040000000000000016786780000000000305945773410000000000077340005000000000001624
001000040000000000000016772080000000000305945773410000000000154680005000000000003248
001000040000000000000016705480000000000305945773410000000000077340005000000000001624
001000040000000000000016689980000000000305945773410000000000154680005000000000003248
001000040000000000000016750580000000000305945773410000000000154680005000000000003248
001000040000000000000016779480000000000305945773410000000000077340005000000000001624
001000040000000000000016800780000000000305945773410000000000077340005000000000001624
001000040000000000000016798680000000000305945773410000000000077340005000000000001624
001000040000000000000016759080000000000305945773410000000000077340005000000000001624
001000040000000000000016765380000000000305945773410000000000077340005000000000001624
001000040000000000000016741180000000000305945773410000000000077340005000000000001624
001000040000000000000016706880000000000305945773410000000000154680005000000000003248
001000040000000000000016787880000000000305945773410000000000154680005000000000003248
001000040000000000000016701280000000000305945773410000000000077340005000000000001624
001000040000000000000016831880000000000305945773410000000000100550005000000000002111
001000040000000000000016861080000000000305945773410000000000076800005000000000001613
001000040000000000000016812880000000000305945773410000000000077340005000000000001624
001000040000000000000016905180000000000305945773410000000000077340005000000000001624
001000040000000000000016820380000000000305945773410000000000077340005000000000001624
001000040000000000000016815980000000000305945773410000000000116010005000000000002436
001000210000000000000002883380000000000336112266890000000000695500005000000000014605
001000210000000000000002922280000000000336112266890000000000673150005000000000014136
001000220000000000000007930880000000000336112266890000000000622280005000000000013068
001000050000000000000000504080000000000305810114460000000001250410005000000000026259
001033950000000000000004055780000000000306787744950000000000762010005000000000016002
001000060000000000000006745880000000000337106568490000000000330680005000000000006944
001000200000000000000010493880000000000306608482890000000000065560005000000000001377
001000200000000000000010562280000000000306608482890000000000065560005000000000001377
001000250000000000000000591280000000000307036569070000000000327340005000000000006874
001000250000000000000000810180000000000307036569070000000000196400005000000000004124
001000050000000000000000535180000000000201108151590000000000260340005000000000005467
001000060000000000000000249480000000000306151431930000000014392950005000000000302252
001000020000000000000000001080000000000202398433960000000018000000005000000000378000
001000150000000000000001199580000000000305763742470000000008658010005000000000181818
003001060000000000000000178080000000000305597150810000000003350850005000000000070368
003001060000000000000000181080000000000305597150810000000000904750005000000000019000
001000010000000000002016080180000000000305000084540000000000065000005000000000001365
001000010000000000002016090180000000000305000084540000000000100000005000000000002100
001000010000000000002016090280000000000305000084540000000000001510004000000000000016
001000060000000000000000070780000000000200728060780000000003108170005000000000065272
003000060000000000000000006580000000000200728060780000000001692220005000000000035537
001000150000000000000001465280000000000305763742470000000003504940005000000000073604
001000150000000000000001466980000000000305763742470000000006024740005000000000126520
001000150000000000000001467080000000000305763742470000000002504750005000000000052600
001000050000000000000003599280000000000307071743890000000000429790005000000000009026
001000270000000000000000998280000000000305577174000000000001548940005000000000032528
001000270000000000000001001980000000000305577174000000000001785740005000000000037501
001000210000000000000002997080000000000336112266890000000000717560005000000000015069
001000210000000000000003033480000000000336112266890000000000730200005000000000015334
001000170000000000000000562280000000000307077461880000000000533000005000000000011193
