00100002000000000000000000060000000000092560005000000000001944
00600002000000000000000000140000000016528930005000000000347107
00600002000000000000000000150000000001690080005000000000035492
00600002000000000000000000160000000002532690005000000000053187
00600002000000000000000000170000000000449450005000000000009439
00600002000000000000000000180000000001772980005000000000037232
00600002000000000000000000190000000001525620005000000000032038
00600002000000000000000000200000000000997930005000000000020957
00600002000000000000000000210000000000961160005000000000020184
00600002000000000000000000220000000002843880005000000000059722
00600002000000000000000000230000000000767300005000000000016113
00600002000000000000000000240000000000105790005000000000002221
00600002000000000000000000250000000000335080005000000000007037
00600002000000000000000000260000000008698040005000000000182659
00600002000000000000000000270000000000586290005000000000012312
00600002000000000000000000280000000001607020005000000000033747
