08200002000000000000000135700000000000037190005000000000000781
08200002000000000000000135710000000000033060005000000000000694
08200002000000000000000135720000000000033060005000000000000694
08200002000000000000000135730000000000024790005000000000000521
08200002000000000000000135740000000000049590005000000000001041
08200002000000000000000135750000000000049590005000000000001041
08200002000000000000000135760000000000037190005000000000000781
08200002000000000000000135770000000000045450005000000000000955
08200002000000000000000135780000000000028930005000000000000607
08200002000000000000000135790000000000024790005000000000000521
08200002000000000000000135800000000000090910005000000000001909
08200002000000000000000135810000000000033060005000000000000694
08200002000000000000000135820000000000045450005000000000000955
08200002000000000000000135830000000000107440005000000000002256
08200002000000000000000135840000000000070250005000000000001475
08200002000000000000000135850000000000045450005000000000000955
08200002000000000000000135860000000000070250005000000000001475
08200002000000000000000135870000000000024790005000000000000521
08200002000000000000000135880000000000103310005000000000002169
08200002000000000000000135890000000000024790005000000000000521
08200002000000000000000135900000000000037190005000000000000781
08200002000000000000000135910000000000016530005000000000000347
08200002000000000000000135920000000000074380005000000000001562
08200002000000000000000135930000000000024790005000000000000521
08200002000000000000000135940000000000132230005000000000002777
08200002000000000000000135950000000000033060005000000000000694
08200002000000000000000135960000000000074380005000000000001562
08200002000000000000000135970000000000078510005000000000001649
08200002000000000000000135980000000000045450005000000000000955
08200002000000000000000135990000000000041320005000000000000868
08200002000000000000000136000000000000016530005000000000000347
08200002000000000000000136010000000000049590005000000000001041
08200002000000000000000136020000000000045450005000000000000955
08200002000000000000000136030000000000086780005000000000001822
08200002000000000000000136040000000000086780005000000000001822
08200002000000000000000136050000000000066120005000000000001388
08200002000000000000000136060000000000082640005000000000001736
08200002000000000000000136070000000000144630005000000000003037
08200002000000000000000136080000000000045450005000000000000955
08200002000000000000000136090000000000066120005000000000001388
08200002000000000000000136100000000000024790005000000000000521
08200002000000000000000136110000000000066120005000000000001388
08200002000000000000000136120000000000082640005000000000001736
08200002000000000000000136130000000000049590005000000000001041
08200002000000000000000136140000000000103310005000000000002169
08200002000000000000000136150000000000090910005000000000001909
08200002000000000000000136160000000000099170005000000000002083
08200002000000000000000136170000000000033060005000000000000694
08200002000000000000000136180000000000066120005000000000001388
08200002000000000000000136190000000000024790005000000000000521
08200002000000000000000136200000000000206610005000000000004339
08200002000000000000000136210000000000066940005000000000001406
08200002000000000000000136220000000000044630005000000000000937
08200002000000000000000136230000000000082640005000000000001736
08200002000000000000000136240000000000074380005000000000001562
08200002000000000000000136250000000000057850005000000000001215
08200002000000000000000136260000000000107440005000000000002256
08200002000000000000000136270000000000037190005000000000000781
08200002000000000000000136280000000000033060005000000000000694
08200002000000000000000136290000000000049590005000000000001041
08200002000000000000000136300000000000063220005000000000001328
08200002000000000000000136310000000000165290005000000000003471
08200002000000000000000136320000000000136360005000000000002864
08200002000000000000000136330000000000152890005000000000003211
08200002000000000000000136340000000000040910005000000000000859
08200002000000000000000136350000000000107440005000000000002256
08200002000000000000000136360000000000057850005000000000001215
08200002000000000000000136370000000000014880005000000000000312
08200002000000000000000136380000000000049590005000000000001041
08200002000000000000000136390000000000041320005000000000000868
08200002000000000000000136400000000000049590005000000000001041
08200002000000000000000136410000000000070250005000000000001475
08200002000000000000000136420000000000037190005000000000000781
08200002000000000000000136430000000000099170005000000000002083
08200002000000000000000136440000000000086780005000000000001822
08200002000000000000000136450000000000157020005000000000003298
08200002000000000000000136460000000000107440005000000000002256
08200002000000000000000136470000000000128100005000000000002690
08200002000000000000000136480000000000086780005000000000001822
08200002000000000000000136490000000000041320005000000000000868
08200002000000000000000136500000000000078510005000000000001649
08200002000000000000000136510000000000049590005000000000001041
08200002000000000000000136520000000000086780005000000000001822
08200002000000000000000136530000000000057850005000000000001215
08200002000000000000000136540000000000066940005000000000001406
08200002000000000000000136550000000000061980005000000000001302
08200002000000000000000136560000000000070250005000000000001475
08200002000000000000000136570000000000132230005000000000002777
08200002000000000000000136580000000000033060005000000000000694
08200002000000000000000136590000000000074380005000000000001562
08200002000000000000000136600000000000045450005000000000000955
08200002000000000000000136610000000000066120005000000000001388
08200002000000000000000136620000000000033060005000000000000694
08200002000000000000000136630000000000053720005000000000001128
08200002000000000000000136640000000000041320005000000000000868
08200002000000000000000136650000000000045450005000000000000955
08200002000000000000000136660000000000090910005000000000001909
08200002000000000000000136670000000000045450005000000000000955
08200002000000000000000136680000000000037190005000000000000781
08200002000000000000000136690000000000033060005000000000000694
08200002000000000000000136700000000000099170005000000000002083
08200002000000000000000136710000000000004130005000000000000087
08200002000000000000000136720000000000045450005000000000000955
08200002000000000000000136730000000000066120005000000000001388
08200002000000000000000136740000000000157020005000000000003298
08200002000000000000000136750000000000033060005000000000000694
08200002000000000000000136760000000000089260005000000000001874
08200002000000000000000136770000000000044630005000000000000937
08200002000000000000000136780000000000061980005000000000001302
08200002000000000000000136790000000000128100005000000000002690
08200002000000000000000136800000000000070250005000000000001475
08200002000000000000000136810000000000173550005000000000003645
08200002000000000000000136820000000000119830005000000000002517
08200002000000000000000136830000000000107440005000000000002256
08200002000000000000000136840000000000181820005000000000003818
08200002000000000000000136850000000000161160005000000000003384
08200002000000000000000136860000000000016530005000000000000347
08200002000000000000000136870000000000115700005000000000002430
08200002000000000000000136880000000000053720005000000000001128
08200002000000000000000136890000000000066120005000000000001388
08200002000000000000000136900000000000045450005000000000000955
08200002000000000000000136910000000000057850005000000000001215
08200002000000000000000136920000000000066120005000000000001388
08200002000000000000000136930000000000024790005000000000000521
08200002000000000000000136940000000000016530005000000000000347
08200002000000000000000136950000000000082640005000000000001736
08200002000000000000000136960000000000033060005000000000000694
08200002000000000000000136970000000000016530005000000000000347
08200002000000000000000136980000000000033060005000000000000694
08200002000000000000000136990000000000066120005000000000001388
08200002000000000000000137000000000000078510005000000000001649
08200002000000000000000137010000000000045450005000000000000955
08200002000000000000000137020000000000090910005000000000001909
08200002000000000000000137030000000000074380005000000000001562
08200002000000000000000137040000000000045450005000000000000955
08200002000000000000000137050000000000033060005000000000000694
08200002000000000000000137060000000000066120005000000000001388
08200002000000000000000137070000000000049590005000000000001041
08200002000000000000000137080000000000016530005000000000000347
08200002000000000000000137090000000000016530005000000000000347
08200002000000000000000137100000000000041320005000000000000868
08200002000000000000000137110000000000033060005000000000000694
08200002000000000000000137120000000000157020005000000000003298
08200002000000000000000137130000000000020660005000000000000434
08200002000000000000000137140000000000061980005000000000001302
08200002000000000000000137150000000000045450005000000000000955
08200002000000000000000137160000000000037190005000000000000781
08200002000000000000000137170000000000082640005000000000001736
08200002000000000000000137180000000000033060005000000000000694
08200002000000000000000137190000000000028930005000000000000607
08200002000000000000000137200000000000037190005000000000000781
08200002000000000000000137210000000000041320005000000000000868
08200002000000000000000137220000000000078510005000000000001649
08200002000000000000000137230000000000090910005000000000001909
08200002000000000000000137240000000000045450005000000000000955
08200002000000000000000137250000000000082640005000000000001736
08200002000000000000000137260000000000136360005000000000002864
08200002000000000000000137270000000000095040005000000000001996
08200002000000000000000137280000000000148760005000000000003124
08200002000000000000000137290000000000033060005000000000000694
08200002000000000000000137300000000000082640005000000000001736
08200002000000000000000137310000000000045450005000000000000955
08200002000000000000000137320000000000049590005000000000001041
08200002000000000000000137330000000000049590005000000000001041
08200002000000000000000137340000000000057850005000000000001215
08200002000000000000000137350000000000074380005000000000001562
08200002000000000000000137360000000000049590005000000000001041
08200002000000000000000137370000000000028930005000000000000607
08200002000000000000000137380000000000033060005000000000000694
08200002000000000000000137390000000000033060005000000000000694
08200002000000000000000137400000000000095040005000000000001996
08200002000000000000000137410000000000066120005000000000001388
08200002000000000000000137420000000000037190005000000000000781
08200002000000000000000137430000000000016530005000000000000347
08200002000000000000000137440000000000016530005000000000000347
08200002000000000000000137450000000000037190005000000000000781
08200002000000000000000137460000000000045450005000000000000955
08200002000000000000000137470000000000022310005000000000000469
08200002000000000000000137480000000000024790005000000000000521
08200002000000000000000137490000000000078510005000000000001649
08200002000000000000000137500000000000033060005000000000000694
08200002000000000000000137510000000000086780005000000000001822
08200002000000000000000137520000000000066120005000000000001388
08200002000000000000000137530000000000040910005000000000000859
08200002000000000000000137540000000000090910005000000000001909
08200002000000000000000137550000000000074380005000000000001562
08200002000000000000000137560000000000074380005000000000001562
08200002000000000000000137570000000000095040005000000000001996
08200002000000000000000137580000000000082640005000000000001736
08200002000000000000000137590000000000016530005000000000000347
08200002000000000000000137600000000000078510005000000000001649
08200002000000000000000137610000000000086780005000000000001822
08200002000000000000000137620000000000037190005000000000000781
08200002000000000000000137630000000000037190005000000000000781
08200002000000000000000137640000000000082640005000000000001736
08200002000000000000000137650000000000078510005000000000001649
08200002000000000000000137660000000000041320005000000000000868
08200002000000000000000137670000000000049590005000000000001041
08200002000000000000000137680000000000099170005000000000002083
08200002000000000000000137690000000000029750005000000000000625
08200002000000000000000137700000000000157020005000000000003298
08200002000000000000000137710000000000041320005000000000000868
08200002000000000000000137720000000000040910005000000000000859
08200002000000000000000137730000000000037190005000000000000781
08200002000000000000000137740000000000024790005000000000000521
08200002000000000000000137750000000000074380005000000000001562
08200002000000000000000137760000000000024790005000000000000521
08200002000000000000000137770000000000066120005000000000001388
08200002000000000000000137780000000000086780005000000000001822
08200002000000000000000137790000000000074380005000000000001562
08200002000000000000000137800000000000048350005000000000001015
08200002000000000000000137810000000000090910005000000000001909
08200002000000000000000137820000000000103310005000000000002169
08200002000000000000000137830000000000061980005000000000001302
08200002000000000000000137840000000000070250005000000000001475
08200002000000000000000137850000000000136360005000000000002864
08200002000000000000000137860000000000028930005000000000000607
08200002000000000000000137870000000000033060005000000000000694
08200002000000000000000137880000000000066120005000000000001388
08200002000000000000000137890000000000095040005000000000001996
08200002000000000000000137900000000000107440005000000000002256
08200002000000000000000137910000000000045450005000000000000955
08200002000000000000000137920000000000053720005000000000001128
08200002000000000000000137930000000000119830005000000000002517
08200002000000000000000137940000000000090910005000000000001909
08200002000000000000000137950000000000045450005000000000000955
08200002000000000000000137960000000000066120005000000000001388
08200002000000000000000137970000000000028930005000000000000607
08200002000000000000000137980000000000041320005000000000000868
08200002000000000000000137990000000000016530005000000000000347
08200002000000000000000138000000000000037190005000000000000781
08200002000000000000000138010000000000016530005000000000000347
08200002000000000000000138020000000000020660005000000000000434
08200002000000000000000138030000000000024790005000000000000521
08200002000000000000000138040000000000082640005000000000001736
08200002000000000000000138050000000000049590005000000000001041
08200002000000000000000138060000000000074380005000000000001562
08200002000000000000000138070000000000049590005000000000001041
08200002000000000000000138080000000000066120005000000000001388
08200002000000000000000138090000000000033060005000000000000694
08200002000000000000000138110000000000074380005000000000001562
08200002000000000000000138120000000000066120005000000000001388
08200002000000000000000138130000000000033060005000000000000694
08200002000000000000000138140000000000016530005000000000000347
08200002000000000000000138150000000000045450005000000000000955
08200002000000000000000138160000000000016530005000000000000347
08200002000000000000000138170000000000037190005000000000000781
08200002000000000000000138180000000000033060005000000000000694
08200002000000000000000138190000000000045450005000000000000955
08200002000000000000000138200000000000123970005000000000002603
08200002000000000000000138210000000000061980005000000000001302
08200002000000000000000138220000000000016530005000000000000347
08200002000000000000000138230000000000041320005000000000000868
08200002000000000000000138240000000000045450005000000000000955
08200002000000000000000138250000000000016530005000000000000347
08200002000000000000000138260000000000132230005000000000002777
08200002000000000000000138270000000000066120005000000000001388
08200002000000000000000138280000000000045450005000000000000955
08200002000000000000000138290000000000033060005000000000000694
08200002000000000000000138300000000000049590005000000000001041
08200002000000000000000138310000000000066120005000000000001388
08200002000000000000000138320000000000045450005000000000000955
08200002000000000000000138330000000000037190005000000000000781
08200002000000000000000138340000000000045450005000000000000955
08200002000000000000000138350000000000053720005000000000001128
08200002000000000000000138360000000000053720005000000000001128
08200002000000000000000138370000000000074380005000000000001562
08200002000000000000000138380000000000070250005000000000001475
08200002000000000000000138390000000000016530005000000000000347
08200002000000000000000138400000000000045450005000000000000955
08200002000000000000000138410000000000082640005000000000001736
08200002000000000000000138420000000000037190005000000000000781
08200002000000000000000138430000000000041320005000000000000868
08200002000000000000000138440000000000157020005000000000003298
08200002000000000000000138450000000000016530005000000000000347
08200002000000000000000138460000000000061980005000000000001302
08200002000000000000000138470000000000066120005000000000001388
08200002000000000000000138480000000000016530005000000000000347
08200002000000000000000138490000000000132230005000000000002777
08200002000000000000000138500000000000078510005000000000001649
08200002000000000000000138510000000000103310005000000000002169
08200002000000000000000138520000000000115700005000000000002430
08200002000000000000000138530000000000074380005000000000001562
08200002000000000000000138540000000000111570005000000000002343
08200002000000000000000138550000000000052070005000000000001093
08200002000000000000000138560000000000210740005000000000004426
08200002000000000000000138570000000000061980005000000000001302
08200002000000000000000138580000000000044630005000000000000937
08200002000000000000000138590000000000115700005000000000002430
08200002000000000000000138600000000000037190005000000000000781
08200002000000000000000138610000000000111570005000000000002343
08200002000000000000000138620000000000103310005000000000002169
08200002000000000000000138630000000000074380005000000000001562
08200002000000000000000138640000000000041320005000000000000868
08200002000000000000000138650000000000045450005000000000000955
08200002000000000000000138660000000000061980005000000000001302
08200002000000000000000138670000000000103310005000000000002169
08200002000000000000000138680000000000037190005000000000000781
08200002000000000000000138690000000000082640005000000000001736
08200002000000000000000138700000000000016530005000000000000347
08200002000000000000000138710000000000078510005000000000001649
08200002000000000000000138720000000000037190005000000000000781
08200002000000000000000138730000000000066120005000000000001388
08200002000000000000000138740000000000086780005000000000001822
08200002000000000000000138750000000000045450005000000000000955
08200002000000000000000138760000000000053720005000000000001128
08200002000000000000000138770000000000045450005000000000000955
08200002000000000000000138780000000000066120005000000000001388
08200002000000000000000138790000000000045450005000000000000955
08200002000000000000000138800000000000016530005000000000000347
08200002000000000000000138810000000000033060005000000000000694
08200002000000000000000138820000000000016530005000000000000347
08200002000000000000000138830000000000033060005000000000000694
08200002000000000000000138840000000000086780005000000000001822
08200002000000000000000138850000000000095040005000000000001996
08200002000000000000000138860000000000037190005000000000000781
08200002000000000000000138870000000000090910005000000000001909
08200002000000000000000138880000000000037190005000000000000781
08200002000000000000000138890000000000111570005000000000002343
08200002000000000000000138900000000000033060005000000000000694
08200002000000000000000138910000000000111570005000000000002343
08200002000000000000000138920000000000033060005000000000000694
08200002000000000000000138930000000000057850005000000000001215
08200002000000000000000138940000000000066120005000000000001388
08200002000000000000000138950000000000037190005000000000000781
08200002000000000000000138960000000000028930005000000000000607
08200002000000000000000138970000000000033060005000000000000694
08200002000000000000000138980000000000033060005000000000000694
08200002000000000000000138990000000000082640005000000000001736
08200002000000000000000139000000000000037190005000000000000781
08200002000000000000000139010000000000082640005000000000001736
08200002000000000000000139020000000000037190005000000000000781
08200002000000000000000139030000000000041320005000000000000868
08200002000000000000000139040000000000074380005000000000001562
08200002000000000000000139050000000000157020005000000000003298
08200002000000000000000139060000000000020660005000000000000434
08200002000000000000000139070000000000037190005000000000000781
08200002000000000000000139080000000000016530005000000000000347
08200002000000000000000139090000000000061980005000000000001302
08200002000000000000000139100000000000190080005000000000003992
08200002000000000000000139110000000000066120005000000000001388
08200002000000000000000139120000000000057850005000000000001215
08200002000000000000000139130000000000057850005000000000001215
08200002000000000000000139140000000000018600005000000000000391
08200002000000000000000139150000000000099170005000000000002083
08200002000000000000000139160000000000033060005000000000000694
08200002000000000000000139170000000000045450005000000000000955
08200002000000000000000139180000000000016530005000000000000347
08200002000000000000000139190000000000066120005000000000001388
08200002000000000000000139200000000000033060005000000000000694
08200002000000000000000139210000000000033060005000000000000694
08200002000000000000000139220000000000066120005000000000001388
08200002000000000000000139230000000000045450005000000000000955
08200002000000000000000139240000000000239670005000000000005033
08200002000000000000000139250000000000045450005000000000000955
08200002000000000000000139260000000000070250005000000000001475
08200002000000000000000139270000000000028930005000000000000607
08200002000000000000000139280000000000061980005000000000001302
08200002000000000000000139290000000000066120005000000000001388
08200002000000000000000139300000000000089260005000000000001874
08200002000000000000000139310000000000033470005000000000000703
08200002000000000000000139320000000000082640005000000000001736
08200002000000000000000139330000000000115700005000000000002430
08200002000000000000000139340000000000028930005000000000000607
08200002000000000000000139350000000000033060005000000000000694
08200002000000000000000139360000000000028930005000000000000607
08200002000000000000000139370000000000049590005000000000001041
08200002000000000000000139380000000000074380005000000000001562
08200002000000000000000139390000000000057850005000000000001215
08200002000000000000000139400000000000190080005000000000003992
08200002000000000000000139410000000000057850005000000000001215
08200002000000000000000139420000000000061980005000000000001302
08200002000000000000000139430000000000041320005000000000000868
08200002000000000000000139440000000000082640005000000000001736
08200002000000000000000139450000000000033060005000000000000694
08200002000000000000000139460000000000041320005000000000000868
08200002000000000000000139470000000000082640005000000000001736
08200002000000000000000139480000000000020660005000000000000434
08200002000000000000000139490000000000016530005000000000000347
08200002000000000000000139500000000000024790005000000000000521
08200002000000000000000139510000000000045450005000000000000955
08200002000000000000000139520000000000078510005000000000001649
08200002000000000000000139530000000000082640005000000000001736
08200002000000000000000139540000000000074380005000000000001562
08200002000000000000000139550000000000024790005000000000000521
08200002000000000000000139560000000000053720005000000000001128
08200002000000000000000139570000000000041320005000000000000868
08200002000000000000000139580000000000016530005000000000000347
08200002000000000000000139590000000000016530005000000000000347
08200002000000000000000139600000000000024790005000000000000521
08200002000000000000000139610000000000086780005000000000001822
08200002000000000000000139620000000000024790005000000000000521
08200002000000000000000139630000000000033060005000000000000694
08200002000000000000000139640000000000078510005000000000001649
08200002000000000000000139650000000000066120005000000000001388
08200002000000000000000139660000000000066120005000000000001388
08200002000000000000000139670000000000082640005000000000001736
08200002000000000000000139680000000000037190005000000000000781
08200002000000000000000139690000000000074380005000000000001562
08200002000000000000000139700000000000020660005000000000000434
08200002000000000000000139710000000000045450005000000000000955
08200002000000000000000139720000000000066120005000000000001388
08200002000000000000000139730000000000123970005000000000002603
08200002000000000000000139740000000000090910005000000000001909
08200002000000000000000139750000000000090910005000000000001909
08200002000000000000000139760000000000024790005000000000000521
08200002000000000000000139770000000000090910005000000000001909
08200002000000000000000139780000000000119830005000000000002517
08200002000000000000000139790000000000128100005000000000002690
08200002000000000000000139800000000000082640005000000000001736
08200002000000000000000139810000000000055790005000000000001171
08200002000000000000000139820000000000029750005000000000000625
08200002000000000000000139830000000000041320005000000000000868
08200002000000000000000139840000000000037190005000000000000781
08200002000000000000000139850000000000028930005000000000000607
08200002000000000000000139860000000000037190005000000000000781
08200002000000000000000139870000000000033060005000000000000694
08200002000000000000000139880000000000066120005000000000001388
08200002000000000000000139890000000000037190005000000000000781
08200002000000000000000139900000000000049590005000000000001041
08200002000000000000000139910000000000037190005000000000000781
08200002000000000000000139920000000000045450005000000000000955
08200002000000000000000139930000000000049590005000000000001041
08200002000000000000000139940000000000049590005000000000001041
08200002000000000000000139950000000000033060005000000000000694
08200002000000000000000139960000000000070250005000000000001475
08200002000000000000000139970000000000061980005000000000001302
08200002000000000000000139980000000000078510005000000000001649
08200002000000000000000139990000000000033060005000000000000694
08200002000000000000000140000000000000074380005000000000001562
08200002000000000000000140010000000000045450005000000000000955
08200002000000000000000140020000000000157020005000000000003298
08200002000000000000000140030000000000090910005000000000001909
08200002000000000000000140040000000000070250005000000000001475
08200002000000000000000140050000000000045450005000000000000955
08200002000000000000000140060000000000045450005000000000000955
08200002000000000000000140070000000000045450005000000000000955
08200002000000000000000140080000000000045450005000000000000955
08200002000000000000000140090000000000066120005000000000001388
08200002000000000000000140100000000000099170005000000000002083
08200002000000000000000140110000000000099170005000000000002083
08200002000000000000000140120000000000132230005000000000002777
08200002000000000000000140130000000000119830005000000000002517
08200002000000000000000140140000000000014880005000000000000312
08200002000000000000000140150000000000074380005000000000001562
08200002000000000000000140160000000000037190005000000000000781
08200002000000000000000140170000000000086780005000000000001822
08200002000000000000000140180000000000107440005000000000002256
08200002000000000000000140190000000000082640005000000000001736
08200002000000000000000140200000000000070660005000000000001484
08200002000000000000000140210000000000033060005000000000000694
08200002000000000000000140220000000000103310005000000000002169
08200002000000000000000140230000000000028930005000000000000607
08200002000000000000000140240000000000053720005000000000001128
08200002000000000000000140250000000000037190005000000000000781
08200002000000000000000140260000000000078510005000000000001649
08200002000000000000000140270000000000053720005000000000001128
08200002000000000000000140280000000000103310005000000000002169
08200002000000000000000140290000000000033060005000000000000694
08200002000000000000000140300000000000090910005000000000001909
08200002000000000000000140310000000000082640005000000000001736
08200002000000000000000140320000000000082640005000000000001736
08200002000000000000000140330000000000082640005000000000001736
08200002000000000000000140340000000000045450005000000000000955
08200002000000000000000140350000000000095040005000000000001996
08200002000000000000000140360000000000066120005000000000001388
08200002000000000000000140370000000000033060005000000000000694
08200002000000000000000140380000000000053720005000000000001128
08200002000000000000000140390000000000049590005000000000001041
08200002000000000000000140400000000000066940005000000000001406
08200002000000000000000140410000000000061980005000000000001302
08200002000000000000000140420000000000082640005000000000001736
08200002000000000000000140430000000000057850005000000000001215
08200002000000000000000140440000000000074380005000000000001562
08200002000000000000000140450000000000049590005000000000001041
08200002000000000000000140460000000000045450005000000000000955
08200002000000000000000140470000000000078510005000000000001649
08200002000000000000000140480000000000028930005000000000000607
08200002000000000000000140490000000000045450005000000000000955
08200002000000000000000140500000000000074380005000000000001562
08200002000000000000000140510000000000037190005000000000000781
08200002000000000000000140520000000000020660005000000000000434
08200002000000000000000140530000000000053720005000000000001128
08200002000000000000000140540000000000041320005000000000000868
08200002000000000000000140550000000000012400005000000000000260
08200002000000000000000140560000000000066120005000000000001388
08200002000000000000000140570000000000024790005000000000000521
08200002000000000000000140580000000000049590005000000000001041
08200002000000000000000140590000000000053720005000000000001128
08200002000000000000000140600000000000057850005000000000001215
08200002000000000000000140610000000000049590005000000000001041
08200002000000000000000140620000000000033470005000000000000703
08200002000000000000000140630000000000045450005000000000000955
08200002000000000000000140640000000000053720005000000000001128
08200002000000000000000140650000000000082640005000000000001736
08200002000000000000000140660000000000045450005000000000000955
08200002000000000000000140670000000000066120005000000000001388
08200002000000000000000140680000000000033060005000000000000694
08200002000000000000000140690000000000024790005000000000000521
08200002000000000000000140700000000000016530005000000000000347
08200002000000000000000140710000000000045450005000000000000955
08200002000000000000000140720000000000045450005000000000000955
08200002000000000000000140730000000000086780005000000000001822
08200002000000000000000140740000000000016530005000000000000347
08200002000000000000000140750000000000074380005000000000001562
08200002000000000000000140760000000000033060005000000000000694
08200002000000000000000140770000000000016530005000000000000347
08200002000000000000000140780000000000066120005000000000001388
08200002000000000000000140790000000000090910005000000000001909
08200002000000000000000140800000000000037190005000000000000781
08200002000000000000000140810000000000086780005000000000001822
08200002000000000000000140820000000000057850005000000000001215
08200002000000000000000140830000000000090910005000000000001909
08200002000000000000000140840000000000033060005000000000000694
08200002000000000000000140850000000000078510005000000000001649
08200002000000000000000140860000000000041320005000000000000868
08200002000000000000000140870000000000090910005000000000001909
08200002000000000000000140880000000000066120005000000000001388
08200002000000000000000140890000000000045450005000000000000955
08200002000000000000000140900000000000037190005000000000000781
08200002000000000000000140910000000000016530005000000000000347
08200002000000000000000140920000000000045450005000000000000955
08200002000000000000000140930000000000049590005000000000001041
08200002000000000000000140940000000000148760005000000000003124
08200002000000000000000140950000000000082640005000000000001736
08200002000000000000000140960000000000049590005000000000001041
08200002000000000000000140970000000000099170005000000000002083
08200002000000000000000140980000000000045450005000000000000955
08200002000000000000000140990000000000078510005000000000001649
08200002000000000000000141000000000000165290005000000000003471
08200002000000000000000141010000000000037190005000000000000781
08200002000000000000000141020000000000078510005000000000001649
08200002000000000000000141030000000000111570005000000000002343
08200002000000000000000141040000000000033470005000000000000703
08200002000000000000000141050000000000041320005000000000000868
08200002000000000000000141060000000000074380005000000000001562
08200002000000000000000141070000000000157020005000000000003298
08200002000000000000000141080000000000066120005000000000001388
08200002000000000000000141090000000000111570005000000000002343
08200002000000000000000141100000000000227270005000000000004773
08200002000000000000000141110000000000086780005000000000001822
08200002000000000000000141120000000000033060005000000000000694
08200002000000000000000141130000000000136360005000000000002864
08200002000000000000000141140000000000115700005000000000002430
08200002000000000000000141150000000000109920005000000000002308
08200002000000000000000141160000000000074380005000000000001562
08200002000000000000000141170000000000045450005000000000000955
08200002000000000000000141180000000000082640005000000000001736
08200002000000000000000141190000000000066120005000000000001388
08200002000000000000000141200000000000033470005000000000000703
08200002000000000000000141210000000000066120005000000000001388
08200002000000000000000141220000000000028930005000000000000607
08200002000000000000000141230000000000074380005000000000001562
08200002000000000000000141240000000000033060005000000000000694
08200002000000000000000141250000000000103310005000000000002169
08200002000000000000000141260000000000004130005000000000000087
08200002000000000000000141270000000000099170005000000000002083
08200002000000000000000141280000000000037190005000000000000781
08200002000000000000000141290000000000041320005000000000000868
08200002000000000000000141300000000000037190005000000000000781
08200002000000000000000141310000000000020660005000000000000434
08200002000000000000000141320000000000049590005000000000001041
08200002000000000000000141330000000000033060005000000000000694
08200002000000000000000141340000000000033060005000000000000694
08200002000000000000000141350000000000028930005000000000000607
08200002000000000000000141360000000000045450005000000000000955
08200002000000000000000141370000000000024790005000000000000521
08200002000000000000000141380000000000022310005000000000000469
08200002000000000000000141390000000000024790005000000000000521
08200002000000000000000141400000000000028930005000000000000607
08200002000000000000000141410000000000053720005000000000001128
08200002000000000000000141420000000000020660005000000000000434
08200002000000000000000141430000000000020660005000000000000434
08200002000000000000000141440000000000148760005000000000003124
08200002000000000000000141450000000000033060005000000000000694
08200002000000000000000141460000000000037190005000000000000781
08200002000000000000000141470000000000053720005000000000001128
08200002000000000000000141480000000000041320005000000000000868
08200002000000000000000141490000000000016530005000000000000347
08200002000000000000000141500000000000045450005000000000000955
08200002000000000000000141510000000000082640005000000000001736
08200002000000000000000141520000000000082640005000000000001736
08200002000000000000000141530000000000066120005000000000001388
08200002000000000000000141540000000000024790005000000000000521
08200002000000000000000141550000000000033060005000000000000694
08200002000000000000000141560000000000016530005000000000000347
08200002000000000000000141570000000000181820005000000000003818
08200002000000000000000141580000000000070250005000000000001475
08200002000000000000000141590000000000033060005000000000000694
08200002000000000000000141600000000000033060005000000000000694
08200002000000000000000141610000000000074380005000000000001562
08200002000000000000000141620000000000033060005000000000000694
08200002000000000000000141630000000000049590005000000000001041
08200002000000000000000141640000000000041320005000000000000868
08200002000000000000000141650000000000061980005000000000001302
08200002000000000000000141660000000000066120005000000000001388
08200002000000000000000141670000000000045450005000000000000955
08200002000000000000000141680000000000066120005000000000001388
08200002000000000000000141690000000000033060005000000000000694
08200002000000000000000141700000000000066120005000000000001388
08200002000000000000000141710000000000033060005000000000000694
08200002000000000000000141720000000000070250005000000000001475
08200002000000000000000141730000000000024790005000000000000521
08200002000000000000000141740000000000078510005000000000001649
08200002000000000000000141750000000000086780005000000000001822
08200002000000000000000141760000000000045450005000000000000955
08200002000000000000000141770000000000045450005000000000000955
08200002000000000000000141780000000000033060005000000000000694
08200002000000000000000141790000000000028930005000000000000607
08200002000000000000000141800000000000027270005000000000000573
08200002000000000000000141810000000000103310005000000000002169
08200002000000000000000141820000000000016530005000000000000347
08200002000000000000000141830000000000033060005000000000000694
08200002000000000000000141840000000000057850005000000000001215
08200002000000000000000141850000000000082640005000000000001736
08200002000000000000000141860000000000066120005000000000001388
08200002000000000000000141870000000000045450005000000000000955
08200002000000000000000141880000000000033060005000000000000694
08200002000000000000000141890000000000111570005000000000002343
08200002000000000000000141900000000000033060005000000000000694
08200002000000000000000141910000000000024790005000000000000521
08200002000000000000000141920000000000111570005000000000002343
08200002000000000000000141930000000000037190005000000000000781
08200002000000000000000141940000000000041320005000000000000868
08200002000000000000000141950000000000086780005000000000001822
08200002000000000000000141960000000000086780005000000000001822
08200002000000000000000141970000000000045450005000000000000955
08200002000000000000000141980000000000045450005000000000000955
08200002000000000000000141990000000000115700005000000000002430
08200002000000000000000142000000000000078510005000000000001649
08200002000000000000000142010000000000095040005000000000001996
08200002000000000000000142020000000000057850005000000000001215
08200002000000000000000142030000000000033060005000000000000694
08200002000000000000000142040000000000103310005000000000002169
08200002000000000000000142050000000000066120005000000000001388
08200002000000000000000142060000000000074380005000000000001562
08200002000000000000000142070000000000037190005000000000000781
08200002000000000000000142080000000000074380005000000000001562
08200002000000000000000142090000000000115700005000000000002430
08200002000000000000000142100000000000074380005000000000001562
08200002000000000000000142110000000000090910005000000000001909
08200002000000000000000142120000000000095040005000000000001996
08200002000000000000000142130000000000037190005000000000000781
08200002000000000000000142140000000000078510005000000000001649
08200002000000000000000142150000000000082640005000000000001736
08200002000000000000000142160000000000045450005000000000000955
08200002000000000000000142170000000000095040005000000000001996
08200002000000000000000142180000000000173550005000000000003645
08200002000000000000000142190000000000136360005000000000002864
08200002000000000000000142200000000000052070005000000000001093
08200002000000000000000142210000000000136360005000000000002864
08200002000000000000000142220000000000198350005000000000004165
08200002000000000000000142230000000000070250005000000000001475
08200002000000000000000142240000000000103310005000000000002169
08200002000000000000000142250000000000048350005000000000001015
08200002000000000000000142260000000000190080005000000000003992
08200002000000000000000142270000000000085540005000000000001796
08200002000000000000000142280000000000103310005000000000002169
08200002000000000000000142290000000000157020005000000000003298
08200002000000000000000142300000000000049590005000000000001041
08200002000000000000000142310000000000028930005000000000000607
08200002000000000000000142320000000000033060005000000000000694
08200002000000000000000142330000000000074380005000000000001562
08200002000000000000000142340000000000066120005000000000001388
08200002000000000000000142350000000000078510005000000000001649
08200002000000000000000142360000000000107440005000000000002256
08200002000000000000000142370000000000090910005000000000001909
08200002000000000000000142380000000000028930005000000000000607
08200002000000000000000142390000000000053720005000000000001128
08200002000000000000000142400000000000123970005000000000002603
08200002000000000000000142410000000000103310005000000000002169
08200002000000000000000142420000000000050410005000000000001059
08200002000000000000000142430000000000157020005000000000003298
08200002000000000000000142440000000000037190005000000000000781
08200002000000000000000142450000000000128100005000000000002690
08200002000000000000000142460000000000099170005000000000002083
08200002000000000000000142470000000000173550005000000000003645
08200002000000000000000142480000000000061980005000000000001302
08200002000000000000000142490000000000059500005000000000001250
08200002000000000000000142500000000000026030005000000000000547
08200002000000000000000142510000000000140500005000000000002950
08200002000000000000000142520000000000045450005000000000000955
08200002000000000000000142530000000000078510005000000000001649
08200002000000000000000142540000000000099170005000000000002083
08200002000000000000000142550000000000037190005000000000000781
08200002000000000000000142560000000000128100005000000000002690
08200002000000000000000142570000000000082640005000000000001736
08200002000000000000000142580000000000045450005000000000000955
08200002000000000000000142590000000000074380005000000000001562
08200002000000000000000142600000000000028930005000000000000607
08200002000000000000000142610000000000074380005000000000001562
08200002000000000000000142620000000000045450005000000000000955
08200002000000000000000142630000000000061980005000000000001302
08200002000000000000000142640000000000045450005000000000000955
08200002000000000000000142650000000000016530005000000000000347
08200002000000000000000142660000000000033060005000000000000694
08200002000000000000000142670000000000057850005000000000001215
08200002000000000000000142680000000000136360005000000000002864
08200002000000000000000142690000000000053720005000000000001128
08200002000000000000000142700000000000107440005000000000002256
08200002000000000000000142710000000000045450005000000000000955
08200002000000000000000142720000000000033470005000000000000703
08200002000000000000000142730000000000066120005000000000001388
08200002000000000000000142740000000000049590005000000000001041
08200002000000000000000142750000000000049590005000000000001041
08200002000000000000000142760000000000033060005000000000000694
08200002000000000000000142770000000000070250005000000000001475
08200002000000000000000142780000000000066120005000000000001388
08200002000000000000000142790000000000028930005000000000000607
08200002000000000000000142800000000000028930005000000000000607
08200002000000000000000142810000000000024790005000000000000521
08200002000000000000000142820000000000037190005000000000000781
08200002000000000000000142830000000000053720005000000000001128
08200002000000000000000142840000000000037190005000000000000781
08200002000000000000000142850000000000033060005000000000000694
08200002000000000000000142860000000000033060005000000000000694
08200002000000000000000142870000000000045450005000000000000955
08200002000000000000000142880000000000028930005000000000000607
08200002000000000000000142890000000000028930005000000000000607
08200002000000000000000142900000000000082640005000000000001736
08200002000000000000000142910000000000049590005000000000001041
08200002000000000000000142920000000000082640005000000000001736
08200002000000000000000142930000000000095040005000000000001996
08200002000000000000000142940000000000040910005000000000000859
08200002000000000000000142950000000000169420005000000000003558
08200002000000000000000142960000000000136360005000000000002864
08200002000000000000000142970000000000169420005000000000003558
08200002000000000000000142980000000000090910005000000000001909
08200002000000000000000142990000000000082640005000000000001736
08200002000000000000000143000000000000045450005000000000000955
08200002000000000000000143010000000000095040005000000000001996
08200002000000000000000143020000000000033060005000000000000694
08200002000000000000000143030000000000020660005000000000000434
08200002000000000000000143040000000000041320005000000000000868
08200002000000000000000143050000000000016530005000000000000347
08200002000000000000000143060000000000008260005000000000000174
08200002000000000000000143070000000000045450005000000000000955
08200002000000000000000143080000000000045450005000000000000955
08200002000000000000000143090000000000028930005000000000000607
08200002000000000000000143100000000000016530005000000000000347
08200002000000000000000143110000000000045450005000000000000955
08200002000000000000000143120000000000161160005000000000003384
08200002000000000000000143130000000000057850005000000000001215
08200002000000000000000143140000000000033060005000000000000694
08200002000000000000000143150000000000107440005000000000002256
08200002000000000000000143160000000000045450005000000000000955
08200002000000000000000143170000000000078510005000000000001649
08200002000000000000000143180000000000161160005000000000003384
08200002000000000000000143190000000000115700005000000000002430
08200002000000000000000143200000000000161160005000000000003384
08200002000000000000000143210000000000037190005000000000000781
08200002000000000000000143220000000000078510005000000000001649
08200002000000000000000143230000000000045450005000000000000955
08200002000000000000000143240000000000041320005000000000000868
08200002000000000000000143250000000000037190005000000000000781
08200002000000000000000143260000000000045450005000000000000955
08200002000000000000000143270000000000024790005000000000000521
08200002000000000000000143280000000000053720005000000000001128
08200002000000000000000143290000000000057850005000000000001215
08200002000000000000000143300000000000074380005000000000001562
08200002000000000000000143310000000000107440005000000000002256
08200002000000000000000143320000000000020660005000000000000434
08200002000000000000000143330000000000140500005000000000002950
08200002000000000000000143340000000000078510005000000000001649
08200002000000000000000143350000000000082640005000000000001736
08200002000000000000000143360000000000053720005000000000001128
08200002000000000000000143370000000000169420005000000000003558
08200002000000000000000143380000000000086780005000000000001822
08200002000000000000000143390000000000157020005000000000003298
08200002000000000000000143400000000000045450005000000000000955
08200002000000000000000143410000000000157020005000000000003298
08200002000000000000000143420000000000078510005000000000001649
08200002000000000000000143430000000000111570005000000000002343
08200002000000000000000143440000000000028930005000000000000607
08200002000000000000000143450000000000090910005000000000001909
08200002000000000000000143460000000000033060005000000000000694
08200002000000000000000143470000000000028930005000000000000607
08200002000000000000000143480000000000074380005000000000001562
08200002000000000000000143490000000000082640005000000000001736
08200002000000000000000143500000000000090910005000000000001909
08200002000000000000000143510000000000074380005000000000001562
08200002000000000000000143520000000000028930005000000000000607
08200002000000000000000143530000000000024790005000000000000521
08200002000000000000000143540000000000028930005000000000000607
08200002000000000000000143550000000000057850005000000000001215
08200002000000000000000143560000000000086780005000000000001822
08200002000000000000000143570000000000074380005000000000001562
08200002000000000000000143580000000000070250005000000000001475
08200002000000000000000143590000000000037190005000000000000781
08200002000000000000000143600000000000103310005000000000002169
08200002000000000000000143610000000000090910005000000000001909
08200002000000000000000143620000000000082640005000000000001736
08200002000000000000000143630000000000086780005000000000001822
08200002000000000000000143640000000000082640005000000000001736
08200002000000000000000143650000000000194210005000000000004079
08200002000000000000000143660000000000103310005000000000002169
08200002000000000000000143670000000000053720005000000000001128
08200002000000000000000143680000000000136360005000000000002864
08200002000000000000000143690000000000024790005000000000000521
08200002000000000000000143700000000000045450005000000000000955
08200002000000000000000143710000000000057850005000000000001215
08200002000000000000000143720000000000061980005000000000001302
08200002000000000000000143730000000000033060005000000000000694
08200002000000000000000143740000000000016530005000000000000347
08200002000000000000000143750000000000024790005000000000000521
08200002000000000000000143760000000000049590005000000000001041
08200002000000000000000143770000000000037190005000000000000781
08200002000000000000000143780000000000066120005000000000001388
08200002000000000000000143790000000000082640005000000000001736
08200002000000000000000143800000000000061980005000000000001302
08200002000000000000000143810000000000033060005000000000000694
08200002000000000000000143820000000000078510005000000000001649
08200002000000000000000143830000000000037190005000000000000781
08200002000000000000000143840000000000099170005000000000002083
08200002000000000000000143850000000000037190005000000000000781
08200002000000000000000143860000000000041320005000000000000868
08200002000000000000000143870000000000033060005000000000000694
08200002000000000000000143880000000000074380005000000000001562
08200002000000000000000143890000000000041320005000000000000868
08200002000000000000000143900000000000041320005000000000000868
08200002000000000000000143910000000000090910005000000000001909
08200002000000000000000143920000000000053720005000000000001128
08200002000000000000000143930000000000086780005000000000001822
08200002000000000000000143940000000000049590005000000000001041
08200002000000000000000143950000000000078510005000000000001649
08200002000000000000000143960000000000061980005000000000001302
08200002000000000000000143970000000000037190005000000000000781
08200002000000000000000143980000000000111570005000000000002343
08200002000000000000000143990000000000041320005000000000000868
08200002000000000000000144000000000000066120005000000000001388
08200002000000000000000144010000000000028930005000000000000607
08200002000000000000000144020000000000128100005000000000002690
08200002000000000000000144030000000000024790005000000000000521
08200002000000000000000144040000000000049590005000000000001041
08200002000000000000000144050000000000020660005000000000000434
08200002000000000000000144060000000000053720005000000000001128
08200002000000000000000144070000000000016530005000000000000347
08200002000000000000000144080000000000033060005000000000000694
08200002000000000000000144090000000000020660005000000000000434
08200002000000000000000144100000000000022310005000000000000469
08200002000000000000000144110000000000053720005000000000001128
08200002000000000000000144120000000000037190005000000000000781
08200002000000000000000144130000000000085950005000000000001805
08200002000000000000000144140000000000045450005000000000000955
08200002000000000000000144150000000000016530005000000000000347
08200002000000000000000144160000000000037190005000000000000781
08200002000000000000000144170000000000016530005000000000000347
08200002000000000000000144180000000000037190005000000000000781
08200002000000000000000144190000000000022310005000000000000469
08200002000000000000000144200000000000095040005000000000001996
08200002000000000000000144210000000000044630005000000000000937
08200002000000000000000144220000000000070250005000000000001475
08200002000000000000000144230000000000128100005000000000002690
08200002000000000000000144240000000000090910005000000000001909
08200002000000000000000144250000000000045450005000000000000955
08200002000000000000000144260000000000210740005000000000004426
08200002000000000000000144270000000000119830005000000000002517
08200002000000000000000144280000000000066120005000000000001388
08200002000000000000000144290000000000037190005000000000000781
08200002000000000000000144300000000000157020005000000000003298
08200002000000000000000144310000000000037190005000000000000781
08200002000000000000000144320000000000045450005000000000000955
08200002000000000000000144330000000000107440005000000000002256
08200002000000000000000144340000000000033060005000000000000694
08200002000000000000000144350000000000028930005000000000000607
08200002000000000000000144360000000000090910005000000000001909
08200002000000000000000144370000000000057850005000000000001215
08200002000000000000000144380000000000086780005000000000001822
08200002000000000000000144390000000000037190005000000000000781
08200002000000000000000144400000000000078510005000000000001649
08200002000000000000000144410000000000049590005000000000001041
08200002000000000000000144420000000000066120005000000000001388
08200002000000000000000144430000000000016530005000000000000347
08200002000000000000000144440000000000095040005000000000001996
08200002000000000000000144450000000000045450005000000000000955
08200002000000000000000144460000000000049590005000000000001041
08200002000000000000000144470000000000033060005000000000000694
08200002000000000000000144480000000000024790005000000000000521
08200002000000000000000144490000000000089260005000000000001874
08200002000000000000000144500000000000045450005000000000000955
08200002000000000000000144510000000000074380005000000000001562
08200002000000000000000144520000000000074380005000000000001562
08200002000000000000000144530000000000074380005000000000001562
08200002000000000000000144540000000000041320005000000000000868
08200002000000000000000144550000000000045450005000000000000955
08200002000000000000000144560000000000103310005000000000002169
08200002000000000000000144570000000000041320005000000000000868
08200002000000000000000144580000000000049590005000000000001041
08200002000000000000000144590000000000045450005000000000000955
08200002000000000000000144600000000000016530005000000000000347
08200002000000000000000144610000000000066120005000000000001388
08200002000000000000000144620000000000045450005000000000000955
08200002000000000000000144630000000000045450005000000000000955
08200002000000000000000144640000000000090910005000000000001909
08200002000000000000000144650000000000082640005000000000001736
08200002000000000000000144660000000000033060005000000000000694
08200002000000000000000144670000000000024790005000000000000521
08200002000000000000000144680000000000173550005000000000003645
08200002000000000000000144690000000000198350005000000000004165
08200002000000000000000144700000000000028930005000000000000607
08200002000000000000000144710000000000082640005000000000001736
08200002000000000000000144720000000000024790005000000000000521
08200002000000000000000144730000000000028930005000000000000607
08200002000000000000000144740000000000078510005000000000001649
08200002000000000000000144750000000000033060005000000000000694
08200002000000000000000144760000000000095040005000000000001996
08200002000000000000000144770000000000049590005000000000001041
08200002000000000000000144780000000000022310005000000000000469
08200002000000000000000144790000000000107440005000000000002256
08200002000000000000000144800000000000123970005000000000002603
08200002000000000000000144810000000000041320005000000000000868
08200002000000000000000144820000000000070250005000000000001475
08200002000000000000000144830000000000057850005000000000001215
08200002000000000000000144840000000000045450005000000000000955
08200002000000000000000144850000000000037190005000000000000781
08200002000000000000000144860000000000033060005000000000000694
08200002000000000000000144870000000000049590005000000000001041
08200002000000000000000144880000000000045450005000000000000955
08200002000000000000000144890000000000049590005000000000001041
08200002000000000000000144900000000000026030005000000000000547
08200002000000000000000144910000000000049590005000000000001041
08200002000000000000000144920000000000028930005000000000000607
08200002000000000000000144930000000000024790005000000000000521
08200002000000000000000144940000000000066120005000000000001388
08200002000000000000000144950000000000020660005000000000000434
08200002000000000000000144960000000000082640005000000000001736
08200002000000000000000144970000000000033060005000000000000694
08200002000000000000000144980000000000095870005000000000002013
08200002000000000000000144990000000000090910005000000000001909
08200002000000000000000145000000000000082640005000000000001736
08200002000000000000000145010000000000028930005000000000000607
08200002000000000000000145020000000000086780005000000000001822
08200002000000000000000145030000000000123970005000000000002603
08200002000000000000000145040000000000115700005000000000002430
08200002000000000000000145050000000000115700005000000000002430
08200002000000000000000145060000000000070250005000000000001475
08200002000000000000000145070000000000136360005000000000002864
08200002000000000000000145080000000000107440005000000000002256
08200002000000000000000145090000000000206610005000000000004339
08200002000000000000000145100000000000034090005000000000000716
08200002000000000000000145110000000000090910005000000000001909
08200002000000000000000145120000000000020660005000000000000434
08200002000000000000000145130000000000074380005000000000001562
08200002000000000000000145140000000000028930005000000000000607
08200002000000000000000145150000000000049590005000000000001041
08200002000000000000000145160000000000037190005000000000000781
08200002000000000000000145170000000000037190005000000000000781
08200002000000000000000145180000000000033060005000000000000694
08200002000000000000000145190000000000103310005000000000002169
08200002000000000000000145200000000000074380005000000000001562
08200002000000000000000145210000000000107440005000000000002256
08200002000000000000000145220000000000044630005000000000000937
08200002000000000000000145230000000000033060005000000000000694
08200002000000000000000145240000000000053720005000000000001128
08200002000000000000000145250000000000041320005000000000000868
08200002000000000000000145260000000000033060005000000000000694
08200002000000000000000145270000000000016530005000000000000347
08200002000000000000000145280000000000037190005000000000000781
08200002000000000000000145290000000000024790005000000000000521
08200002000000000000000145300000000000057850005000000000001215
08200002000000000000000145310000000000033470005000000000000703
08200002000000000000000145320000000000061980005000000000001302
08200002000000000000000145330000000000045450005000000000000955
08200002000000000000000145340000000000049590005000000000001041
08200002000000000000000145350000000000053720005000000000001128
08200002000000000000000145360000000000099170005000000000002083
08200002000000000000000145370000000000037190005000000000000781
08200002000000000000000145380000000000161160005000000000003384
08200002000000000000000145390000000000028930005000000000000607
08200002000000000000000145400000000000057850005000000000001215
08200002000000000000000145410000000000040910005000000000000859
08200002000000000000000145420000000000078510005000000000001649
08200002000000000000000145430000000000123970005000000000002603
08200002000000000000000145440000000000111570005000000000002343
08200002000000000000000145450000000000037190005000000000000781
08200002000000000000000145460000000000028930005000000000000607
08200002000000000000000145470000000000057850005000000000001215
08200002000000000000000145480000000000028930005000000000000607
08200002000000000000000145490000000000074380005000000000001562
08200002000000000000000145500000000000016530005000000000000347
08200002000000000000000145510000000000090910005000000000001909
08200002000000000000000145520000000000033060005000000000000694
08200002000000000000000145530000000000037190005000000000000781
08200002000000000000000145540000000000045450005000000000000955
08200002000000000000000145550000000000028930005000000000000607
08200002000000000000000145560000000000044630005000000000000937
08200002000000000000000145570000000000082640005000000000001736
08200002000000000000000145580000000000090910005000000000001909
08200002000000000000000145590000000000020660005000000000000434
08200002000000000000000145600000000000037190005000000000000781
08200002000000000000000145610000000000090910005000000000001909
08200002000000000000000145620000000000037190005000000000000781
08200002000000000000000145630000000000057850005000000000001215
08200002000000000000000145640000000000057850005000000000001215
08200002000000000000000145650000000000057850005000000000001215
08200002000000000000000145660000000000099170005000000000002083
08200002000000000000000145670000000000095040005000000000001996
08200002000000000000000145680000000000057850005000000000001215
08200002000000000000000145690000000000045450005000000000000955
08200002000000000000000145700000000000082640005000000000001736
08200002000000000000000145710000000000045450005000000000000955
08200002000000000000000145720000000000095040005000000000001996
08200002000000000000000145730000000000070250005000000000001475
08200002000000000000000145740000000000074380005000000000001562
08200002000000000000000145750000000000194210005000000000004079
08200002000000000000000145760000000000140500005000000000002950
08200002000000000000000145770000000000107440005000000000002256
08200002000000000000000145780000000000033060005000000000000694
08200002000000000000000145790000000000033060005000000000000694
08200002000000000000000145800000000000033060005000000000000694
08200002000000000000000145810000000000066120005000000000001388
08200002000000000000000145820000000000070250005000000000001475
08200002000000000000000145830000000000045450005000000000000955
08200002000000000000000145840000000000028930005000000000000607
08200002000000000000000145850000000000024790005000000000000521
08200002000000000000000145860000000000041320005000000000000868
08200002000000000000000145870000000000045450005000000000000955
08200002000000000000000145880000000000016530005000000000000347
08200002000000000000000145890000000000033060005000000000000694
08200002000000000000000145900000000000044630005000000000000937
08200002000000000000000145910000000000018600005000000000000391
08200002000000000000000145920000000000033060005000000000000694
08200002000000000000000145930000000000028930005000000000000607
08200002000000000000000145940000000000045450005000000000000955
08200002000000000000000145950000000000045450005000000000000955
08200002000000000000000145960000000000028930005000000000000607
08200002000000000000000145970000000000049590005000000000001041
08200002000000000000000145980000000000033060005000000000000694
08200002000000000000000145990000000000045450005000000000000955
08200002000000000000000146000000000000082640005000000000001736
08200002000000000000000146010000000000061980005000000000001302
08200002000000000000000146020000000000049590005000000000001041
08200002000000000000000146030000000000033060005000000000000694
08200002000000000000000146040000000000033060005000000000000694
08200002000000000000000146050000000000033060005000000000000694
08200002000000000000000146060000000000136360005000000000002864
08200002000000000000000146070000000000040910005000000000000859
08200002000000000000000146080000000000099170005000000000002083
08200002000000000000000146090000000000066120005000000000001388
08200002000000000000000146100000000000099170005000000000002083
08200002000000000000000146110000000000061980005000000000001302
08200002000000000000000146120000000000045450005000000000000955
08200002000000000000000146130000000000049590005000000000001041
08200002000000000000000146140000000000095040005000000000001996
08200002000000000000000146150000000000070250005000000000001475
08200002000000000000000146160000000000028930005000000000000607
08200002000000000000000146170000000000037190005000000000000781
08200002000000000000000146180000000000049590005000000000001041
08200002000000000000000146190000000000033060005000000000000694
08200002000000000000000146200000000000033060005000000000000694
08200002000000000000000146210000000000074380005000000000001562
08200002000000000000000146220000000000165290005000000000003471
08200002000000000000000146230000000000103310005000000000002169
08200002000000000000000146240000000000053720005000000000001128
08200002000000000000000146250000000000136360005000000000002864
08200002000000000000000146260000000000033060005000000000000694
08200002000000000000000146270000000000016530005000000000000347
08200002000000000000000146280000000000157020005000000000003298
08200002000000000000000146290000000000033060005000000000000694
08200002000000000000000146300000000000033060005000000000000694
08200002000000000000000146310000000000037190005000000000000781
08200002000000000000000146320000000000057850005000000000001215
08200002000000000000000146330000000000066120005000000000001388
08200002000000000000000146340000000000049590005000000000001041
08200002000000000000000146350000000000063220005000000000001328
08200002000000000000000146360000000000161160005000000000003384
08200002000000000000000146370000000000082640005000000000001736
08200002000000000000000146380000000000202480005000000000004252
08200002000000000000000146390000000000041320005000000000000868
08200002000000000000000146400000000000107440005000000000002256
08200002000000000000000146410000000000045450005000000000000955
08200002000000000000000146420000000000045450005000000000000955
08200002000000000000000146430000000000082640005000000000001736
08200002000000000000000146440000000000078510005000000000001649
08200002000000000000000146450000000000041320005000000000000868
08200002000000000000000146460000000000115700005000000000002430
08200002000000000000000146470000000000082640005000000000001736
08200002000000000000000146480000000000033060005000000000000694
08200002000000000000000146490000000000033470005000000000000703
08200002000000000000000146500000000000070250005000000000001475
08200002000000000000000146510000000000041320005000000000000868
08200002000000000000000146520000000000152890005000000000003211
08200002000000000000000146530000000000074380005000000000001562
08200002000000000000000146540000000000074380005000000000001562
08200002000000000000000146550000000000037190005000000000000781
08200002000000000000000146560000000000024790005000000000000521
08200002000000000000000146570000000000066120005000000000001388
08200002000000000000000146580000000000070250005000000000001475
08200002000000000000000146590000000000024790005000000000000521
08200002000000000000000146600000000000082640005000000000001736
08200002000000000000000146610000000000128100005000000000002690
08200002000000000000000146620000000000107440005000000000002256
08200002000000000000000146630000000000057850005000000000001215
08200002000000000000000146640000000000024790005000000000000521
08200002000000000000000146650000000000033060005000000000000694
08200002000000000000000146660000000000045450005000000000000955
08200002000000000000000146670000000000140500005000000000002950
08200002000000000000000146680000000000037190005000000000000781
08200002000000000000000146690000000000119830005000000000002517
08200002000000000000000146700000000000185950005000000000003905
08200002000000000000000146710000000000086780005000000000001822
08200002000000000000000146720000000000066120005000000000001388
08200002000000000000000146730000000000078510005000000000001649
08200002000000000000000146740000000000034090005000000000000716
08200002000000000000000146750000000000136360005000000000002864
08200002000000000000000146760000000000119830005000000000002517
08200002000000000000000146770000000000049590005000000000001041
08200002000000000000000146780000000000045450005000000000000955
08200002000000000000000146790000000000090910005000000000001909
08200002000000000000000146800000000000136360005000000000002864
08200002000000000000000146810000000000033060005000000000000694
08200002000000000000000146820000000000082640005000000000001736
08200002000000000000000146830000000000099170005000000000002083
08200002000000000000000146840000000000128100005000000000002690
08200002000000000000000146850000000000037190005000000000000781
08200002000000000000000146860000000000157020005000000000003298
08200002000000000000000146870000000000119830005000000000002517
08200002000000000000000146880000000000033060005000000000000694
08200002000000000000000146890000000000123970005000000000002603
08200002000000000000000146900000000000082640005000000000001736
08200002000000000000000146910000000000033060005000000000000694
11300002000000000000000000610000000000066120005000000000001388