001000320000000000000000237580000000000307102046710000000003038630005000000000063811
002010250000000000000007359080000000000305011992530000000270712500005000000005684962
002010250000000000000007359180000000000305011992530000000134627660005000000002827181
001000390000000000000001181380000000000305437490240000000001011280005000000000021237
001000050000000000000000265780000000000305863213890000000048382200005000000001016026
001000060000000000000001125480000000000335218175990000000009799720005000000000205794
001000060000000000000001092980000000000335218175990000000000288550005000000000006059
001000060000000000000001083680000000000335218175990000000005347230005000000000112292
001000060000000000000001053280000000000335218175990000000000482260005000000000010128
001000060000000000000001039680000000000335218175990000000001144270005000000000024030
001000210000000000000011003280000000000305528161680000000116766640005000000002452099
001000210000000000000011003380000000000305528161680000000037112560005000000000779364
001000210000000000000011003480000000000305528161680000000011118070005000000000233480
003000210000000000000003319080000000000305528161680000000001994810005000000000041891
003000210000000000000003329080000000000305528161680000000006698070005000000000140659
001000210000000000000011017480000000000305528161680000000050128300005000000001052694
001000060000000000000003070280000000000306994085370000000008464900005000000000177763
001000120000000000000008231180000000000305009710410000000049157170005000000001032301
001000120000000000000008231780000000000305009710410000000018969560005000000000398361
001000120000000000000008234180000000000305009710410000000026914800005000000000565211
001000090000000000000034388580000000000307072971540000000024643540005000000000517514
001000090000000001111134388580000000000307072971540000000028306740004000000000297221
003000110000000000000002643880000000000307072971540000000000045840005000000000000963
003000090000000000000012984680000000000307072971540000000005044820005000000000105941
001000040000000000000000171880000000000307095941480000000022875000005000000000480375
001000050000000000000000078380000000000306584721900000000002214880005000000000046512
001000030000000000000002961680000000000336800218190000000007419270005000000000155805
001000230000000000000001933180000000000305358963790000000006180510005000000000129791
002005290000000000000000520080000000000305005308510000000000624830005000000000013121
001005010000000000000014483980000000000305005308510000000476398470005000000010004368
003005010000000000000006287180000000000305005308510000000476398470005000000010004368
001005010000000000000014484080000000000305005308510000000068392170005000000001436236
003005010000000000000006287280000000000305005308510000000068392170005000000001436236
001005010000000000000014442080000000000305005308510000000138156920005000000002901295
003005010000000000000006287080000000000305005308510000000138156920005000000002901295
001000030000000000000008072680000000000307097975450000000000128060005000000000002689
001000030000000000000000445680000000000307144693780000000012611810005000000000264848
003000030000000000000000034380000000000307144693780000000000115160005000000000002418
001000040000000000000001055580000000000307105755210000000013909060005000000000292090
001000020000000000000000029980000000000307140844250000000007231360005000000000151859
001000200000000000000000467680000000000305053748660000000003121700005000000000065556
003000120000000000000002653580000000000305053748660000000000841360005000000000017669
003000120000000000000002653680000000000305053748660000000003623010005000000000076083
001000020000000000000000018680000000000273018663510000000002314050005000000000048595
001000030000000000000003028380000000000336800218190000000004023520005000000000084494
001000360000000000000000659880000000000306235733180000000002515500005000000000052826
001005010000000000000014405280000000000305005308510000000983567250005000000020654912
001005010000000000000014505880000000000305005308510000000136297270005000000002862243
003005010000000000000006256480000000000305005308510000000077352850005000000001624410
001000240000000000000000530280000000000306813051290000000007185780005000000000150901
001000030000000000000000007880000000000232629364490000000033607130005000000000705750
001000030000000000000000007280000000000232629364490000000031009190005000000000651193
001000030000000000000000008180000000000232629364490000000031657560005000000000664809
001000110000000000000001168080000000000305635165730000000004387600005000000000092140
001000090000000000000013273180000000000307093694030000000000768600005000000000016140
001055120000000000000239338480000000000306781864450000000001021120006000000000027570
001055120000000000000226659080000000000306781864450000000001803840006000000000048704
001010220000000000000608243680000000000305736520840000000000588430005000000000012357
001010220000000000000608325980000000000305736520840000000000569420005000000000011958
001010220000000000000608169680000000000305736520840000000000588430005000000000012357
001081040000000000001639579380000000000306394537980000000000178720006000000000004826
001020930000000000000679957880000000000306788143570000000000006320006000000000000171
001001010000000000000036985180000000000306906336350000000000154010006000000000004158
001001010000000000000036984680000000000306906336350000000000600650006000000000016218
001001010000000000000037519680000000000306906336350000000000329280006000000000008891
001001010000000000000037197280000000000306906336350000000001321910006000000000035692
001001010000000000000036985680000000000306906336350000000000358290006000000000009674
001001010000000000000037564880000000000306906336350000000000287330006000000000007758
001005010000000000000014307980000000000305005308510000000720324330005000000015126811
001005010000000000000014308080000000000305005308510000000051746170005000000001086670
001005010000000000000014506080000000000305005308510000000066532520005000000001397183
001005010000000000000014505980000000000305005308510000000468030050005000000009828631
001005010000000000000014546280000000000305005308510000000434763790005000000009130040
001005010000000000000014546380000000000305005308510000000026983950005000000000566663
001005010000000000000014546480000000000305005308510000000026983950005000000000566663
001005010000000000000014546580000000000305005308510000000102101190005000000002144125
003005010000000000000006283980000000000305005308510000000002785710005000000000058500
001000740000000000000005284980000000000305030372260000000014011570005000000000294243
001000740000000000000005285780000000000305030372260000000091295900005000000001917214
001000040000000000000001358280000000000306092852610000000011923080005000000000250385
001000020000000000000000031280000000000307140844250000000003205090005000000000067307
001000710000000000000001397680000000000306446859060000000000148750005000000000003124
