00100007000000000000000031410000000009794220005000000000205679
00100007000000000000000031420000000000138910005000000000002917
00100007000000000000000031430000000000025290005000000000000531
00100007000000000000000031440000000000109240005000000000002294
00100007000000000000000031450000000000304170005000000000006388
00100007000000000000000031460000000000590760005000000000012406
00100007000000000000000031470000000000320720005000000000006735
00100007000000000000000031480000000000086850005000000000001824
00100007000000000000000031490000000438024040005000000009198505
00100007000000000000000031500000000000049590005000000000001041
00100007000000000000000031510000000000152940005000000000003212
00100007000000000000000031520000000000351250005000000000007376
00100007000000000000000031530000000000724080005000000000015206
00600007000000000000000009810000000000590790005000000000012406
00600007000000000000000009820000000085959870005000000001805157
00600007000000000000000009830000000002161010005000000000045381
00600007000000000000000009840000000000840080005000000000017642
00600007000000000000000009850000000004128100005000000000086690
00600007000000000000000009860000000013441240005000000000282266
00600007000000000000000009870000000010089520005000000000211880
00600007000000000000000009880000000004325950005000000000090845
00600007000000000000000009890000000000193390005000000000004061
00600007000000000000000009900000000001902050005000000000039943
00600007000000000000000009910000000000522150005000000000010965
00600007000000000000000009920000000000481980005000000000010122
00600007000000000000000009930000000003920370005000000000082328
00600007000000000000000009940000000003500330005000000000073507
00600007000000000000000009950000000009297980005000000000195258
00600007000000000000000009960000000000597820005000000000012554
00600007000000000000000009970000000000426200005000000000008950
00600007000000000000000009980000000000082650005000000000001736
00600007000000000000000009990000000000206780005000000000004342
00600007000000000000000010000000000010381390005000000000218009
00600007000000000000000010010000000001400130005000000000029403
00600007000000000000000010020000000001068840005000000000022446
00600007000000000000000010030000000005026610005000000000105559
00600007000000000000000010040000000000700070005000000000014701
00600007000000000000000010050000000000424300005000000000008910
00600007000000000000000010060000000001400130005000000000029403
00600007000000000000000010070000000000457440005000000000009606
00600007000000000000000010080000000001798730005000000000037773
00600007000000000000000010090000000000425750005000000000008941
00600007000000000000000010100000000000258840005000000000005436
00600007000000000000000010110000000000160660005000000000003374
00600007000000000000000010120000000000561570005000000000011793
00600007000000000000000010130000000000031240005000000000000656
00600007000000000000000010140000000000380830005000000000007997
00600007000000000000000010150000000000294550005000000000006185
00600007000000000000000010160000000000194130005000000000004077
00600007000000000000000010170000000000031240005000000000000656
00600007000000000000000010180000000000708100005000000000014870
00300007000000000000000000390000000000590760005000000000012406
00600004000000000000000014580000000007978110005000000000167540
00100007000000000000000031540000000000082190005000000000001726
00100007000000000000000031550000000000661170005000000000013885
00100007000000000000000031560000000000289440005000000000006078
00100007000000000000000031570000000000029200005000000000000613
00100007000000000000000031580000000000561990005000000000011802
00100007000000000000000031590000000000285980005000000000006006
00100007000000000000000031600000000000049510005000000000001040
00100007000000000000000031610000000001012430005000000000021261
00100007000000000000000031620000000003669420005000000000077058
00100007000000000000000031630000000000396700005000000000008331
00100007000000000000000031640000000000508320005000000000010675
00100007000000000000000031650000000000124590005000000000002616
00600007000000000000000010190000000000865150005000000000018168
00600007000000000000000010200000000000163740005000000000003438
00600004000000000000000014590000000005209110005000000000109391
00100007000000000000000031660000000000132230005000000000002777
00100007000000000000000031670000000000182460005000000000003832
00100007000000000000000031680000000006414210005000000000134698
00100007000000000000000031690000000000192570005000000000004044
00100007000000000000000031700000000000129490005000000000002719
00100007000000000000000031710000000000223770005000000000004699
00100007000000000000000031720000000000082650005000000000001736
00100007000000000000000031730000000000545120005000000000011448
00100007000000000000000031740000000007899730005000000000165894
00100007000000000000000031750000000006694360005000000000140581
00100007000000000000000031760000000000535160005000000000011238
00100007000000000000000031770000000000218200005000000000004582
00100007000000000000000031780000000000198900005000000000004177
00100007000000000000000031790000000000925640005000000000019438
00100007000000000000000031800000000000206780005000000000004342
00100007000000000000000031810000000001351320005000000000028378
00100007000000000000000031820000000000033210005000000000000697
00100007000000000000000031830000000003790570005000000000079602
00100007000000000000000031840000000000764620005000000000016057
00100007000000000000000031850000000000318530005000000000006689
00600007000000000000000010210000000000161210005000000000003386
00600007000000000000000010220000000001250650005000000000026264
00600007000000000000000010230000000005055630005000000000106168
00600007000000000000000010240000000001983520005000000000041654
00600007000000000000000010250000000000366240005000000000007691
00600004000000000000000014600000000010928110005000000000229490
00100007000000000000000031860000000082585140005000000001734288
00100007000000000000000031870000000167516860005000000003517854
00100007000000000000000031880000000000083410005000000000001752
00100007000000000000000031890000000016627910005000000000349186
00100007000000000000000031900000000000256250005000000000005381
00100007000000000000000031910000000001107480005000000000023257
00100007000000000000000031920000000000166610005000000000003499
00100007000000000000000031930000000001631540005000000000034262
00100007000000000000000031940000000001115940005000000000023435
00100007000000000000000031950000000000062590005000000000001314
00100007000000000000000031960000000000826560005000000000017358
00100007000000000000000031970000000000050340005000000000001057
00600007000000000000000010260000000002338120005000000000049100
00600007000000000000000010270000000000041450005000000000000870
00600007000000000000000010280000000000396700005000000000008331
00600007000000000000000010290000000000069020005000000000001450
00600007000000000000000010300000000002430330005000000000051037
00600004000000000000000014610000000010349590005000000000217341
00100007000000000000000031980000000000288790005000000000006065
00100007000000000000000031990000000000194590005000000000004086
00100007000000000000000032000000000000331140005000000000006954
00100007000000000000000032010000000000392610005000000000008245
00600007000000000000000010310000000000259210005000000000005444
00600007000000000000000010320000000002644690005000000000055539
00600007000000000000000010330000000000057930005000000000001217
00600004000000000000000014620000000005734720005000000000120429
00100007000000000000000032020000000000031520005000000000000662
00100007000000000000000032030000000000021140005000000000000444
00100007000000000000000032040000000000147170005000000000003091
00100007000000000000000032050000000000177780005000000000003733
00100007000000000000000032060000000000136920005000000000002875
00100007000000000000000032070000000000091230005000000000001916
00100007000000000000000032080000000044591740005000000000936426
00100007000000000000000032090000000000050280005000000000001056
00100007000000000000000032110000000000049650005000000000001043
00100007000000000000000032120000000000141060005000000000002962
00100007000000000000000032130000000000210780005000000000004426
00600007000000000000000010340000000000869310005000000000018256
00600007000000000000000010350000000008790710005000000000184605
00600007000000000000000010360000000000041790005000000000000877
00600004000000000000000014630000000004403480005000000000092473
00100007000000000000000032140000000000184320005000000000003871
00100007000000000000000032150000000000074350005000000000001561
00100007000000000000000032160000000000297570005000000000006249
00100007000000000000000032170000000001440930005000000000030260
00100007000000000000000032180000000000297150005000000000006240
00100007000000000000000032190000000000223440005000000000004692
00100007000000000000000032200000000000204980005000000000004305
00100007000000000000000032210000000000495870005000000000010413
00100007000000000000000032220000000000591120005000000000012413
00100007000000000000000032230000000000165620005000000000003478
00100007000000000000000032240000000000204980005000000000004305
00100007000000000000000032250000000000198390005000000000004166
00100007000000000000000032260000000000100870005000000000002118
00100007000000000000000032270000000000553850005000000000011631
00100007000000000000000032280000000000165270005000000000003471
00100007000000000000000032290000000005571210005000000000116996
00100007000000000000000032300000000000231820005000000000004868
00100007000000000000000032310000000000263430005000000000005532
00100007000000000000000032320000000005272820005000000000110729
00100007000000000000000032330000000002118030005000000000044479
00100007000000000000000032340000000000805490005000000000016915
00600007000000000000000010370000000000151740005000000000003186
00600007000000000000000010380000000000275370005000000000005783
00600007000000000000000010390000000000309090005000000000006491
00600004000000000000000014640000000005255370005000000000110363
00100007000000000000000032350000000000534050005000000000011215
00100007000000000000000032360000000000140500005000000000002951
00100007000000000000000032370000000005289670005000000000111083
00100007000000000000000032380000000000052140005000000000001095
00100007000000000000000032390000000166060450005000000003487269
00100007000000000000000032400000000000182110005000000000003824
00100007000000000000000032410000000000661170005000000000013885
00100007000000000000000032420000000000190830005000000000004007
00100007000000000000000032430000000000260400005000000000005468
00100007000000000000000032440000000002718050005000000000057079
00600007000000000000000010400000000000643810005000000000013520
00600007000000000000000010410000000000653230005000000000013718
00600007000000000000000010420000000001260400005000000000026468
00600007000000000000000010430000000006446680005000000000135380
00600004000000000000000014650000000006716540005000000000141047
00100007000000000000000032450000000001063900005000000000022342
00100007000000000000000032460000000000235540005000000000004946
00100007000000000000000032470000000000099050005000000000002080
00100007000000000000000032480000000000114500005000000000002405
00100007000000000000000032490000000000153250005000000000003218
00100007000000000000000032500000000000132230005000000000002777
00100007000000000000000032510000000000136580005000000000002868
00100007000000000000000032520000000000111580005000000000002343
00100007000000000000000032530000000000579180005000000000012163
00100007000000000000000032540000000004016770005000000000084352
00100007000000000000000032550000000000132230005000000000002777
00100007000000000000000032560000000000528940005000000000011108
00100007000000000000000032570000000000080190005000000000001684
00100007000000000000000032580000000000578740005000000000012154
00600007000000000000000010440000000004132440005000000000086781
00600007000000000000000010450000000000516070005000000000010838
00600004000000000000000014660000000008038050005000000000168799
00100007000000000000000032590000000000171870005000000000003609
00100007000000000000000032600000000000061120005000000000001283
00100007000000000000000032610000000000070520005000000000001481
00100007000000000000000032620000000000041320005000000000000868
00100007000000000000000032630000000000205120005000000000004308
00100007000000000000000032640000000000082920005000000000001741
00100007000000000000000032650000000000702520005000000000014753
00100007000000000000000032660000000000716540005000000000015047
00100007000000000000000032670000000000099520005000000000002090
00100007000000000000000032680000000000435890005000000000009154
00100007000000000000000032690000000000364430005000000000007653
00100007000000000000000032700000000000058520005000000000001229
00100007000000000000000032710000000000111470005000000000002341
00600007000000000000000010460000000000030580005000000000000642
00600007000000000000000010470000000000025990005000000000000546
00600007000000000000000010480000000000826690005000000000017360
00600007000000000000000010490000000000099550005000000000002090
00600007000000000000000010500000000002233880005000000000046912
00600007000000000000000010510000000010276570005000000000215808
00600004000000000000000014670000000006527270005000000000137073
00100007000000000000000032720000000000132230005000000000002777
00100007000000000000000032730000000000105190005000000000002209
00100007000000000000000032740000000000128980005000000000002708
00100007000000000000000032750000000000818550005000000000017189
00600004000000000000000014680000000003898350005000000000081865
00100007000000000000000032760000000000038250005000000000000803
00100007000000000000000032770000000001169630005000000000024562
00100007000000000000000032780000000000986060005000000000020707
00100007000000000000000032790000000000297670005000000000006251
00100007000000000000000032800000000000578790005000000000012155
00100007000000000000000032810000000000047210005000000000000991
00100007000000000000000032820000000000496000005000000000010416
00100007000000000000000032830000000569431250005000000011958056
00100007000000000000000032840000000001390220005000000000029195
00100007000000000000000032850000000051750880005000000001086768
00100007000000000000000032870000000000165320005000000000003472
00100007000000000000000032880000000525628850005000000011038206
00100007000000000000000032890000000000104960005000000000002204
00100007000000000000000032900000000000050330005000000000001057
00100007000000000000000032910000000000552850005000000000011610
00100007000000000000000032920000000000064490005000000000001354
00100007000000000000000032930000000000132270005000000000002778
00100007000000000000000032940000000000122480005000000000002572
00600007000000000000000010520000000000463640005000000000009736
00600007000000000000000010530000000000034980005000000000000734
00300007000000000000000000400000000569431250005000000011958056
00600004000000000000000014690000000003642150005000000000076485
00100007000000000000000032950000000000151730005000000000003186
00100007000000000000000032960000000000165320005000000000003472
00100007000000000000000032970000000006478740005000000000136054
00100007000000000000000032980000000000351360005000000000007379
00100007000000000000000032990000000000179140005000000000003762
00100007000000000000000033000000000000277480005000000000005827
00100007000000000000000033010000000000636450005000000000013365
00100007000000000000000033020000000000186860005000000000003924
00600007000000000000000010540000000000076120005000000000001598
00600004000000000000000014700000000010079360005000000000211666
00100007000000000000000033030000000000115600005000000000002428
00100007000000000000000033040000000000243750005000000000005119
00100007000000000000000033050000000001066370005000000000022394
00100007000000000000000033060000000000644680005000000000013538
00100007000000000000000033070000000000008290005000000000000174
00100007000000000000000033080000000000661170005000000000013885
00100007000000000000000033090000000000214910005000000000004513
00100007000000000000000033100000000000308770005000000000006484
00100007000000000000000033110000000000014830005000000000000311
00100007000000000000000033120000000001322340005000000000027769
00100007000000000000000033130000000000098210005000000000002062
00600007000000000000000010550000000084306730005000000001770441
00600007000000000000000010560000000001062150005000000000022305
00600007000000000000000010570000000000619790005000000000013015
00600007000000000000000010580000000001570450005000000000032979
00600007000000000000000010590000000002347360005000000000049295
00600004000000000000000014710000000010353740005000000000217429
00100007000000000000000033140000000000301710005000000000006336
00100007000000000000000033150000000000427270005000000000008973
00100007000000000000000033160000000322644630005000000006775537
00100007000000000000000033170000000000231640005000000000004864
00100007000000000000000033180000000000105830005000000000002222
00600007000000000000000010600000000000037690005000000000000791
00600007000000000000000010610000000000198800005000000000004175
00600004000000000000000014720000000009462000005000000000198702
00100007000000000000000033190000000000181620005000000000003814
00100007000000000000000033200000000000396700005000000000008331
00100007000000000000000033210000000000863780005000000000018139
00100007000000000000000033220000000000909210005000000000019093
00100007000000000000000033230000000001182640005000000000024835
00100007000000000000000033240000000000533110005000000000011195
00100007000000000000000033250000000001834920005000000000038533
00100007000000000000000033260000000001057880005000000000022215
00100007000000000000000033270000000000661170005000000000013885
00100007000000000000000033280000000001876500005000000000039406
00100007000000000000000033290000000000779760005000000000016375
00100007000000000000000033300000000000087790005000000000001844
00100007000000000000000033310000000000264470005000000000005554
00600007000000000000000010620000000016116250005000000000338441
00600007000000000000000010630000000000037280005000000000000783
00600007000000000000000010640000000016047600005000000000337000
00600007000000000000000010650000000000033260005000000000000699
00600007000000000000000010670000000016116100005000000000338438
00600007000000000000000010680000000000280640005000000000005893
00600007000000000000000010690000000000462880005000000000009720
00600007000000000000000010700000000000284930005000000000005983
00800007000000000000000000070000000016116250005000000000338441
00800007000000000000000000080000000016047600005000000000337000
00600004000000000000000014730000000007535540005000000000158246
00100007000000000000000033320000000000119910005000000000002518
00100007000000000000000033330000000000611880005000000000012849
00100007000000000000000033340000000000673600005000000000014146
00100007000000000000000033350000000000078680005000000000001652
00100007000000000000000033360000000000081310005000000000001708
00100007000000000000000033370000000000636100005000000000013358
00600007000000000000000010710000000000043900005000000000000922
00600007000000000000000010720000000000272740005000000000005728
00600007000000000000000010730000000000365290005000000000007671
00600004000000000000000014740000000001925640005000000000040438
00100007000000000000000033380000000000269120005000000000005652
00100007000000000000000033390000000000084290005000000000001770
00100007000000000000000033400000000000310000005000000000006510
00100007000000000000000033410000000000363780005000000000007639
00100007000000000000000033420000000000256230005000000000005381
00100007000000000000000033430000000000238140005000000000005001
00100007000000000000000033440000000000277520005000000000005828
00100007000000000000000033450000000000338600005000000000007111
00100007000000000000000033460000000000367920005000000000007726
00100007000000000000000033470000000002214260005000000000046499
00100007000000000000000033480000000000026600005000000000000559
00100007000000000000000033490000000000132060005000000000002773
00600007000000000000000010740000000006942930005000000000145802
00600004000000000000000014750000000006111570005000000000128343
00100007000000000000000033500000000000280070005000000000005882
00100007000000000000000033510000000000431320005000000000009058
00100007000000000000000033520000000001720690005000000000036134
00100007000000000000000033530000000000066170005000000000001389
00100007000000000000000033540000000000165620005000000000003478
00100007000000000000000033550000000000157090005000000000003299
00100007000000000000000033560000000000078620005000000000001651
00100007000000000000000033570000000000264140005000000000005547
00100007000000000000000033580000000000264470005000000000005554
00100007000000000000000033590000000000220930005000000000004639
00100007000000000000000033600000000000066200005000000000001390
00100007000000000000000033610000000000074440005000000000001563
00100007000000000000000033620000000000180880005000000000003799
00600007000000000000000010750000000013223910005000000000277702
00600007000000000000000010760000000000087450005000000000001837
00600004000000000000000014760000000005529770005000000000116125
00100007000000000000000033630000000001653620005000000000034726
00100007000000000000000033640000000000274450005000000000005763
00100007000000000000000033650000000024798910005000000000520777
00100007000000000000000033660000000350419230005000000007358804
00100007000000000000000033670000000147121770005000000003089557
00100007000000000000000033680000000000082750005000000000001738
00100007000000000000000033690000000000474500005000000000009965
00100007000000000000000033700000000000074180005000000000001558
00100007000000000000000033710000000000504250005000000000010589
00100007000000000000000033720000000003398470005000000000071368
00100007000000000000000033730000000006714910005000000000141013
00100007000000000000000033740000000206640310005000000004339446
00600007000000000000000010770000000000228310005000000000004794
00600004000000000000000014770000000006840500005000000000143651
00100007000000000000000033750000000000104980005000000000002204
00100007000000000000000033760000000000223260005000000000004688
00100007000000000000000033770000000000334380005000000000007022
00100007000000000000000033780000000000070250005000000000001475
00100007000000000000000033790000000000227610005000000000004780
00100007000000000000000033800000000000124100005000000000002606
00100007000000000000000033810000000000124000005000000000002604
00600007000000000000000010780000000000330740005000000000006946
00600007000000000000000010790000000000080990005000000000001701
00600007000000000000000010800000000000041450005000000000000870
00600004000000000000000014780000000006552080005000000000137594
00100007000000000000000033820000000000111690005000000000002345
00100007000000000000000033830000000000363570005000000000007635
00100007000000000000000033840000000000227270005000000000004773
00100007000000000000000033850000000000124190005000000000002608
00600007000000000000000010810000000000334730005000000000007029
00600007000000000000000010820000000000086780005000000000001822
00600004000000000000000014790000000002602070005000000000054643
00100007000000000000000033860000000000457320005000000000009604
00100007000000000000000033870000000001049810005000000000022046
00100007000000000000000033880000000000182000005000000000003822
00100007000000000000000033890000000000026700005000000000000561
00100007000000000000000033900000000048250920005000000001013269
00100007000000000000000033910000000000129260005000000000002714
00100007000000000000000033920000000000136990005000000000002877
00100007000000000000000033930000000059335600005000000001246048
00600007000000000000000010830000000000082670005000000000001736
00600004000000000000000014800000000009165300005000000000192471
00100007000000000000000033940000000000049280005000000000001035
00100007000000000000000033950000000002099280005000000000044085
00100007000000000000000033960000000000214980005000000000004515
00100007000000000000000033970000000000644640005000000000013538
00100007000000000000000033980000000001983520005000000000041654
00100007000000000000000033990000000000473610005000000000009946
00100007000000000000000034000000000000148930005000000000003128
00100007000000000000000034010000000000314330005000000000006601
00100007000000000000000034020000000000888470005000000000018658
00600007000000000000000010840000000000731610005000000000015364
00600004000000000000000014810000000004588440005000000000096357
00100007000000000000000034030000000000661170005000000000013885
00100007000000000000000034040000000000112290005000000000002358
00100007000000000000000034050000000000587210005000000000012332
00100007000000000000000034060000000001619860005000000000034017
00100007000000000000000034070000000000363670005000000000007637
00100007000000000000000034080000000000033880005000000000000711
00100007000000000000000034090000000000132230005000000000002777
00100007000000000000000034100000000001033300005000000000021699
00100007000000000000000034110000000000149500005000000000003140
00100007000000000000000034120000000000029400005000000000000617
00600007000000000000000010850000000000166610005000000000003499
00600004000000000000000014820000000010696720005000000000224631
00100005000000000000000056150000000002644590005000000000055536
00600005000000000000000102620000000000789530005000000000016580
00600005000000000000000102630000000000485790005000000000010202
00600005000000000000000102650000000000652910005000000000013711
00600005000000000000000102660000000001082860005000000000022740
00600005000000000000000102670000000000003020005000000000000063
00600005000000000000000102680000000000132310005000000000002778
00100005000000000000000056160000000001557950005000000000032717
00100005000000000000000056170000000000064640005000000000001357
00100005000000000000000056180000000000141740005000000000002977
00100005000000000000000056190000000000338050005000000000007099
00100005000000000000000056200000000000157130005000000000003300
00100005000000000000000056210000000000855620005000000000017968
00100006000000000000000001830000000025000000005000000000525000
00100006000000000000000001840000000021695000005000000000455595
00100006000000000000000001850000000045050000005000000000946050
00100006000000000000000001860000000011000000005000000000231000
00100006000000000000000001870000000008000000005000000000168000
00600005000000000000000102690000000000181730005000000000003816
00600005000000000000000102700000000000818620005000000000017191
00600005000000000000000102710000000003929550005000000000082520
00600005000000000000000102720000000000211420005000000000004440
00600005000000000000000102730000000000181830005000000000003818
00600005000000000000000102740000000000289180005000000000006073
00600005000000000000000102750000000000099210005000000000002083
00600005000000000000000102760000000001036600005000000000021769
00600005000000000000000102770000000000331140005000000000006954
00600005000000000000000102780000000000632150005000000000013275
00600005000000000000000102790000000000223100005000000000004685
00600005000000000000000102800000000000570250005000000000011975
00100005000000000000000056220000000002562400005000000000053810
00100005000000000000000056230000000002366690005000000000049700
00600005000000000000000102810000000000685670005000000000014399
00600005000000000000000102820000000000264940005000000000005564
00600005000000000000000102830000000000165220005000000000003470
00600005000000000000000102840000000000760700005000000000015975
00600005000000000000000102850000000000132310005000000000002778
00600005000000000000000102860000000000140510005000000000002951
00600005000000000000000102870000000001261910005000000000026500
00600005000000000000000102880000000002683640005000000000056356
00600005000000000000000102890000000000487420005000000000010236
00600005000000000000000102900000000000099240005000000000002084
00600005000000000000000102910000000000396450005000000000008325
00100005000000000000000056240000000015652230005000000000328697
00100005000000000000000056250000000001958850005000000000041136
00100005000000000000000056270000000000394790005000000000008291
00100005000000000000000056280000000000328840005000000000006906
00100005000000000000000056290000000001653500005000000000034724
00600005000000000000000102920000000000189950005000000000003989
00600005000000000000000102930000000000239770005000000000005035
00600005000000000000000102940000000000747450005000000000015696
00600005000000000000000102950000000000590080005000000000012392
00600005000000000000000102960000000005427370005000000000113975
00600005000000000000000102970000000002411240005000000000050636
00600005000000000000000102980000000002066640005000000000043400
00600005000000000000000102990000000004925880005000000000103444
00600005000000000000000103000000000000132310005000000000002778
00600005000000000000000103010000000000412660005000000000008666
00600005000000000000000103020000000000437380005000000000009185
00600005000000000000000103030000000000570700005000000000011985
00600005000000000000000103040000000000024880005000000000000522
00100005000000000000000056300000000001053870005000000000022131
00600005000000000000000103050000000000233930005000000000004912
00600005000000000000000103060000000000173760005000000000003649
00600005000000000000000103070000000002148760005000000000045124
00600005000000000000000103080000000000921860005000000000019359
00600005000000000000000103090000000002938150005000000000061701
00600005000000000000000103100000000001508230005000000000031673
00600005000000000000000103110000000001851210005000000000038875
00600005000000000000000103120000000003202990005000000000067263
00600005000000000000000103130000000000392150005000000000008235
00600005000000000000000103140000000008124790005000000000170621
00100005000000000000000056310000000000149020005000000000003129
00100005000000000000000056320000000000793860005000000000016671
00600005000000000000000103150000000000660740005000000000013876
00600005000000000000000103160000000000240080005000000000005042
00600005000000000000000103170000000000175390005000000000003683
00600005000000000000000103180000000000792210005000000000016637
00600005000000000000000103190000000000148870005000000000003126
00100005000000000000000056330000000001322290005000000000027768
00100005000000000000000056340000000000149020005000000000003129
00100005000000000000000056350000000000661150005000000000013884
00600005000000000000000103200000000000409170005000000000008593
00600005000000000000000103210000000000198350005000000000004165
00600005000000000000000103220000000000082630005000000000001735
00600005000000000000000103230000000000825420005000000000017334
00600005000000000000000103240000000000264450005000000000005554
00600005000000000000000103250000000000912840005000000000019170
00600005000000000000000103260000000001384550005000000000029075
00600005000000000000000103270000000000082620005000000000001735
00600005000000000000000103280000000000884800005000000000018581
00600005000000000000000103290000000000425000005000000000008925
00100005000000000000000056360000000003173510005000000000066644
00600005000000000000000103300000000000107420005000000000002256
00600005000000000000000103310000000000483470005000000000010153
00600005000000000000000103320000000000116610005000000000002449
00600005000000000000000103330000000000737600005000000000015490
00600005000000000000000103340000000000161160005000000000003384
00600005000000000000000103350000000000285210005000000000005989
00600005000000000000000103360000000000866390005000000000018194
00600005000000000000000103370000000007063720005000000000148338
00600005000000000000000103380000000000236010005000000000004956
00600005000000000000000103390000000000516600005000000000010849
00100005000000000000000056370000000000392630005000000000008245
00100005000000000000000056380000000000173600005000000000003646
00600005000000000000000103400000000003884740005000000000081580
00600005000000000000000103410000000000937810005000000000019694
00600005000000000000000103420000000000289140005000000000006072
00600005000000000000000103430000000000173600005000000000003645
00600005000000000000000103440000000000095230005000000000002000
00600005000000000000000103450000000001685370005000000000035393
00600005000000000000000103460000000000524450005000000000011014
00600005000000000000000103470000000000301490005000000000006331
00600005000000000000000103480000000000320730005000000000006735
00600005000000000000000103490000000000264620005000000000005557
00100005000000000000000056390000000002054260005000000000043140
00600005000000000000000103500000000001607780005000000000033763
00600005000000000000000103520000000000090880005000000000001909
00600005000000000000000103530000000001322290005000000000027768
00600005000000000000000103540000000000520660005000000000010934
00600005000000000000000103550000000000132150005000000000002775
00100005000000000000000056400000000000926180005000000000019450
00100005000000000000000056410000000000148540005000000000003119
00600005000000000000000103560000000000148790005000000000003125
00600005000000000000000103570000000002642980005000000000055502
00600005000000000000000103580000000000934630005000000000019627
00600005000000000000000103590000000000545680005000000000011459
00600005000000000000000103600000000000271610005000000000005704
00600005000000000000000103610000000000909500005000000000019100
00600005000000000000000103620000000000255680005000000000005369
00600005000000000000000103630000000000445770005000000000009361
00600005000000000000000103640000000000396450005000000000008325
00100005000000000000000056420000000000944920005000000000019843
00100005000000000000000056430000000000330840005000000000006948
00600005000000000000000103650000000000661150005000000000013884
00600005000000000000000103660000000000213210005000000000004477
00600005000000000000000103670000000000264600005000000000005557
00600005000000000000000103680000000000289140005000000000006072
00600005000000000000000103690000000000132310005000000000002778
00600005000000000000000103700000000015166210005000000000318490
00600005000000000000000103710000000000132310005000000000002778
00600005000000000000000103720000000001363870005000000000028641
00600005000000000000000103730000000000078620005000000000001651
00600005000000000000000103740000000092561650005000000001943795
00600005000000000000000103750000000002132690005000000000044787
00600005000000000000000103760000000000283980005000000000005964
00600005000000000000000103770000000000206690005000000000004341
00600005000000000000000103780000000000247140005000000000005190
00100005000000000000000056440000000003677600005000000000077230
00100005000000000000000056450000000000182110005000000000003824
00600005000000000000000103790000000000285120005000000000005988
00600005000000000000000103800000000000574090005000000000012056
00600005000000000000000103810000000002925070005000000000061427
00600005000000000000000103820000000000210790005000000000004426
00600005000000000000000103830000000000305880005000000000006423
00600005000000000000000103840000000002137110005000000000044879
00600005000000000000000103850000000000182640005000000000003836
00600005000000000000000103860000000002627930005000000000055187
00600005000000000000000103870000000000433880005000000000009112
00600005000000000000000103880000000000346420005000000000007275
00100005000000000000000056460000000003409280005000000000071595
00600005000000000000000103890000000000286830005000000000006023
00600005000000000000000103900000000000074530005000000000001565
00600005000000000000000103910000000000061820005000000000001298
00600005000000000000000103920000000000635210005000000000013339
00600005000000000000000103930000000006582820005000000000138239
00600005000000000000000103940000000000165620005000000000003478
00600005000000000000000103950000000000412720005000000000008667
00100005000000000000000056470000000000636450005000000000013365
00600005000000000000000103960000000000181680005000000000003815
00600005000000000000000103970000000001152820005000000000024209
00600005000000000000000103980000000000157120005000000000003300
00600005000000000000000103990000000002116710005000000000044451
00600005000000000000000104000000000001372000005000000000028812
00600005000000000000000104010000000000264620005000000000005557
00600005000000000000000104020000000003316690005000000000069651
00600005000000000000000104030000000004760250005000000000099965
00600005000000000000000104040000000001314270005000000000027600
00600005000000000000000104050000000000541820005000000000011378
00600005000000000000000104060000000000247830005000000000005205
00600005000000000000000104070000000000366630005000000000007699
00100005000000000000000056480000000003566200005000000000074890
00100005000000000000000056490000000000392630005000000000008245
00100005000000000000000056500000000000338780005000000000007114
00600005000000000000000104080000000000129460005000000000002719
00600005000000000000000104090000000001582470005000000000033232
00600005000000000000000104100000000000263860005000000000005541
00600005000000000000000104110000000000438130005000000000009201
00600005000000000000000104120000000000181730005000000000003816
00600005000000000000000104130000000000769920005000000000016168
00600005000000000000000104140000000000744100005000000000015626
00600005000000000000000104150000000000768720005000000000016143
00600005000000000000000104170000000000582400005000000000012230
00600005000000000000000104180000000000437810005000000000009194
00600005000000000000000104190000000000132470005000000000002782
00600005000000000000000104200000000000797540005000000000016748
00600005000000000000000104210000000000165220005000000000003470
00600005000000000000000104220000000000206110005000000000004328
00600005000000000000000104230000000000323840005000000000006801
00100005000000000000000056510000000002644590005000000000055536
00100005000000000000000056520000000001945870005000000000040863
00100005000000000000000056530000000000219000005000000000004599
00600005000000000000000104240000000002504550005000000000052596
00600005000000000000000104250000000000107850005000000000002265
00600005000000000000000104260000000000103170005000000000002166
00600005000000000000000104270000000000163190005000000000003427
00600005000000000000000104280000000000925600005000000000019438
00600005000000000000000104290000000000119140005000000000002502
00600005000000000000000104300000000000417270005000000000008763
00600005000000000000000104310000000000374210005000000000007859
00100005000000000000000056540000000001267790005000000000026624
00100005000000000000000056550000000001281020005000000000026901
00600005000000000000000104320000000002066450005000000000043395
00600005000000000000000104330000000000264300005000000000005550
00600005000000000000000104340000000000040910005000000000000859
00600005000000000000000104350000000000619400005000000000013008
00600005000000000000000104360000000000398350005000000000008365
00600005000000000000000104370000000000656710005000000000013791
00600005000000000000000104380000000001443970005000000000030323
00600005000000000000000104390000000002248540005000000000047219
00600005000000000000000104400000000002479560005000000000052071
00600005000000000000000104410000000000628120005000000000013190
00600005000000000000000104420000000000165620005000000000003478
00600005000000000000000104430000000002644910005000000000055543
00600005000000000000000104440000000000483470005000000000010153
00600005000000000000000104450000000001057830005000000000022215
00600005000000000000000104460000000000371530005000000000007802
00600005000000000000000104470000000000148940005000000000003128
00600005000000000000000104480000000000264620005000000000005557
00600005000000000000000104490000000000847090005000000000017789
00600005000000000000000104500000000000210790005000000000004426
00600005000000000000000104510000000000132310005000000000002778
00100005000000000000000056560000000002661310005000000000055888
00600005000000000000000104520000000000478390005000000000010046
00600005000000000000000104530000000000206460005000000000004336
00600005000000000000000104540000000000148830005000000000003126
00600005000000000000000104550000000000085000005000000000001785
00600005000000000000000104560000000001497520005000000000031448
00600005000000000000000104570000000002479880005000000000052078
00600005000000000000000104580000000000238110005000000000005000
00600005000000000000000104590000000000793370005000000000016661
00600005000000000000000104600000000000124090005000000000002606
00100005000000000000000056570000000000756500005000000000015886
00100005000000000000000056580000000000330440005000000000006939
00100005000000000000000056590000000001339210005000000000028123
00600005000000000000000104610000000000595100005000000000012497
00600005000000000000000104620000000003762060005000000000079003
00600005000000000000000104630000000000628110005000000000013190
00600005000000000000000104640000000001089640005000000000022882
00600005000000000000000104650000000000218770005000000000004594
00600005000000000000000104660000000001281200005000000000026905
00600005000000000000000104670000000000789270005000000000016575
00100005000000000000000056600000000000086780005000000000001822
00100005000000000000000056610000000000314100005000000000006596
00600005000000000000000104680000000001322290005000000000027768
00600005000000000000000104700000000000666610005000000000013999
00600005000000000000000104710000000000495540005000000000010406
00600005000000000000000104720000000003330940005000000000069950
00600005000000000000000104730000000000077980005000000000001637
00600005000000000000000104740000000001322290005000000000027768
00600005000000000000000104750000000000100930005000000000002120
00600005000000000000000104760000000001339110005000000000028121
00600005000000000000000104770000000001057830005000000000022215
00600005000000000000000104780000000001111980005000000000023352
00600005000000000000000104790000000000520550005000000000010931
00600005000000000000000104800000000000022730005000000000000477
