001001010000000000000043088880000000000306906336350000000000419830006000000000011336
001001010000000000000042716480000000000306906336350000000000561500006000000000015161
001001010000000000111142716480000000000306906336350000000000000270005000000000000006
001001010000000000000042714880000000000306906336350000000001106410006000000000029873
001001010000000000111142714880000000000306906336350000000000000590005000000000000012
001001010000000000000042765580000000000306906336350000000000201090006000000000005429
001001010000000001111142765580000000000306906336350000000000000330005000000000000007
001055120000000000000299679180000000000306781864450000000002018080006000000000054488
001055120000000000111299679180000000000306781864450000000000041860005000000000000879
001055120000000000000299899780000000000306781864450000000001142000006000000000030834
001010540000000000000000714480000000000305736520840000000000694630005000000000014587
001010540000000000000000713980000000000305736520840000000000694630005000000000014587
001010540000000000000000804480000000000305736520840000000000890070005000000000018692
001081050000000000001590968780000000000306394537990000000000411610006000000000011114
001081050000000000001680361580000000000306394537990000000000240000006000000000006480
001000720000000000000001708380000000000306027640320000000000901360004000000000009464
001000120000000000000002964280000000000306059127250000000065761200005000000001380985
001000020000000000000000011180000000000203236589870000000014876030005000000000312397
001000020000000000000000011280000000000203236589870000000003719010005000000000078099
001000020000000000000000011380000000000203236589870000000003719010005000000000078099
001000020000000000000000011480000000000203236589870000000003719010005000000000078099
001000020000000000000000011580000000000203236589870000000007438020005000000000156198
001000020000000000000000012180000000000203236589870000000007438020005000000000156198
001000020000000000000000012680000000000203236589870000000003719010005000000000078099
001002640000000000000012026480000000000305011111270000000499053260005000000010480118
001002640000000000000012026380000000000305011111270000000173895300005000000003651801
003002640000000000000000103480000000000305011111270000000012478510005000000000262049
001002640000000000000012065380000000000305011111270000000972093340005000000020413960
001002640000000000000012065280000000000305011111270000000173895300005000000003651801
003002640000000000000000105680000000000305011111270000000020797520005000000000436748
001002640000000000000012098680000000000305011111270000000691626920005000000014524165
001002640000000000000012098780000000000305011111270000000057965100005000000001217267
003002640000000000000000108380000000000305011111270000000012478510005000000000262049
001002640000000000000012133980000000000305011111270000001190992830005000000025010850
001002640000000000000012134080000000000305011111270000000057965100005000000001217267
001002640000000000000012141780000000000305011111270000000195674400005000000004109163
003002640000000000000000109680000000000305011111270000000016638020005000000000349398
001005010000000000000015051080000000000305005308510000000198817020005000000004175157
001005010000000000000015083280000000000305005308510000000198817020005000000004175157
003005010000000000000006451980000000000305005308510000000046865010005000000000984165
001005010000000000000015125080000000000305005308510000000364497870005000000007654455
001005010000000000000015125180000000000305005308510000000027866060005000000000585187
001005010000000000000015171380000000000305005308510000000397634040005000000008350315
001005010000000000000015206380000000000305005308510000000265089370005000000005566877
001000030000000000000000013580000000000232629364490000000033042820005000000000693899
001000030000000000000000014080000000000232629364490000000032775320005000000000688282
001000050000000000000000178480000000000307087806490000000000689320005000000000014476
001000210000000000000001672580000000000305528161680000000120400930005000000002528419
001000210000000000000001672680000000000305528161680000000025193710005000000000529068
003000210000000000000003713880000000000305528161680000000003378260005000000000070943
001000360000000000000000797780000000000306235733180000000000838400005000000000017607
001000010000000000000000020380000000000307117402080000000012396690005000000000260331
001000030000000000000001219980000000000307143446560000000049325340005000000001035832
001000030000000000000001224580000000000307143446560000000004815000005000000000101115
001000050000000000000000142580000000000306077694150000000021262140005000000000446505
001000150000000000000000417680000000000307098573350000000007883140005000000000165546
001000090000000000000036729780000000000307072971540000000022231100005000000000466853
001000040000000000000003745880000000000307077169710000000002558950005000000000053738
001000110000000000000008045480000000000306392012320000000020094370005000000000421982
001000110000000000000008045580000000000306392012320000000021307860005000000000447465
001000110000000000000008045680000000000306392012320000000004603040005000000000096664
001000110000000000111118045680000000000306392012320000000007149170004000000000075066
001000110000000000000008045780000000000306392012320000000232734910005000000004887433
001000050000000000000000305480000000000305863213890000000055554800005000000001166651
