001000010000000000002016070180000000000305000100840000000000430000005000000000009030
001000350000000000000001957280000000000306235733180000000006808610005000000000142981
001000350000000000000001957480000000000306235733180000000000842750005000000000017698
001000350000000000000001906580000000000306235733180000000000686610005000000000014419
001000350000000000000001883580000000000306235733180000000004366600005000000000091698
001000040000000000000000190480000000000307098667090000000005776860005000000000121314
001000020000000000000001607480000000000307120854590000000000507330005000000000010654
001000340000000000000001330580000000000306442263590000000000692310005000000000014539
001000340000000000000001270780000000000306442263590000000000692310005000000000014539
001000060000000000000000232280000000000307100979210000000000772730005000000000016227
001000020000000000000000149980000000000201128301390000000003347110005000000000070289
001000060000000000000001937480000000000306906710570000000001964020005000000000041244
001000060000000000000001937580000000000306906710570000000001309350005000000000027496
001000060000000000000001902080000000000306906710570000000002291360005000000000048119
001000060000000000000001888980000000000306906710570000000001276610005000000000026809
001000060000000000000001844580000000000306906710570000000001158770005000000000024334
001000060000000000000001794580000000000306906710570000000002945340005000000000061852
001000240000000000000008155580000000000336112266890000000003108990005000000000065289
001000210000000000000002769380000000000336112266890000000000654520005000000000013745
001000210000000000000002769580000000000336112266890000000000196360005000000000004123
001000220000000000000007615780000000000336112266890000000000412360005000000000008660
001001040000000000000047468980000000000306785196810000000650298390004000000006828133
