00100007000000000000000007490000000012469840005000000000261867
00100007000000000000000007500000000016597860005000000000348555
00100007000000000000000007510000000000296840005000000000006234
00100007000000000000000007520000000002396720005000000000050331
00100007000000000000000007530000000000471780005000000000009907
00100007000000000000000007540000000000107730005000000000002262
00100007000000000000000007550000000000085950005000000000001805
00100007000000000000000007560000000001009110005000000000021191
00100007000000000000000007570000000000114550005000000000002405
00100007000000000000000007580000000000327120005000000000006869
00100007000000000000000007590000000014305230005000000000300410
00100007000000000000000007600000000000351240005000000000007376
00100007000000000000000007610000000000281640005000000000005915
00600007000000000000000001600000000000063220005000000000001328
00600007000000000000000001610000000000362320005000000000007609
00600007000000000000000001620000000000212500005000000000004462
00600004000000000000000012430000000009187600005000000000192940
00100007000000000000000007620000000000026340005000000000000553
00100007000000000000000007630000000000705790005000000000014822
00100007000000000000000007640000000000699680005000000000014693
00100007000000000000000007650000000001198360005000000000025166
00100007000000000000000007660000000000050250005000000000001055
00100007000000000000000007670000000000083340005000000000001750
00100007000000000000000007680000000000296840005000000000006234
00100007000000000000000007690000000012118520005000000000254489
00100007000000000000000007700000000000177030005000000000003718
00100007000000000000000007710000000018324100005000000000384806
00100007000000000000000007720000000001924510005000000000040415
00100007000000000000000007730000000000356130005000000000007479
00100007000000000000000007740000000001156650005000000000024290
00100007000000000000000007750000000000050200005000000000001054
00100007000000000000000007760000000000075500005000000000001586
00600007000000000000000001630000000018324070005000000000384805
00600007000000000000000001640000000000599180005000000000012583
00600007000000000000000001650000000001305130005000000000027408
00600007000000000000000001660000000011887140005000000000249630
00600007000000000000000001670000000000881260005000000000018506
00800007000000000000000000010000000018324100005000000000384806
00600004000000000000000012440000000008039670005000000000168833
00100007000000000000000007770000000000075170005000000000001579
00100007000000000000000007780000000000677600005000000000014229
00100007000000000000000007790000000000056200005000000000001180
00100007000000000000000007800000000000064780005000000000001360
00100007000000000000000007810000000000211170005000000000004434
00100007000000000000000007820000000000599180005000000000012583
00100007000000000000000007830000000000107500005000000000002257
00100007000000000000000007840000000017815540005000000000374126
00100007000000000000000007850000000000165490005000000000003475
00100007000000000000000007860000000000119830005000000000002516
00100007000000000000000007870000000120003010005000000002520063
00100007000000000000000007880000000000644530005000000000013535
00100007000000000000000007890000000000066210005000000000001391
00100007000000000000000007900000000000140500005000000000002950
00600007000000000000000001680000000000274380005000000000005762
00600007000000000000000001690000000008679130005000000000182262
00600007000000000000000001700000000000041450005000000000000870
00600004000000000000000012450000000009309920005000000000195508
00100007000000000000000007910000000000105030005000000000002206
00100007000000000000000007920000000000277610005000000000005830
00100007000000000000000007930000000000124960005000000000002624
00100007000000000000000007940000000000058240005000000000001223
00100007000000000000000007950000000000385660005000000000008099
00100007000000000000000007960000000000392690005000000000008246
00100007000000000000000007970000000000744060005000000000015625
00100007000000000000000007980000000000091000005000000000001911
00100007000000000000000007990000000000532880005000000000011190
00100007000000000000000008000000000000122230005000000000002567
00100007000000000000000008010000000000070950005000000000001490
00100007000000000000000008020000000017727770005000000000372283
00100007000000000000000008030000000002179690005000000000045773
00100007000000000000000008040000000000249020005000000000005230
00600007000000000000000001710000000001148860005000000000024126
00600004000000000000000012460000000006591740005000000000138426
00100007000000000000000008050000000000075170005000000000001579
00100007000000000000000008060000000000599180005000000000012583
00100007000000000000000008070000000000031240005000000000000656
00100007000000000000000008080000000000082690005000000000001736
00100007000000000000000008090000000000154550005000000000003246
00100007000000000000000008100000000000263560005000000000005535
00100007000000000000000008110000000019297240005000000000405242
00100007000000000000000008120000000008216540005000000000172547
00100007000000000000000008130000000000095540005000000000002006
00100007000000000000000008140000000001285540005000000000026996
00600007000000000000000001720000000000124500005000000000002614
00600007000000000000000001730000000001522930005000000000031982
00600007000000000000000001740000000000177370005000000000003725
00600007000000000000000001750000000001818220005000000000038183
00600007000000000000000001760000000000119830005000000000002517
00600007000000000000000001770000000000723520005000000000015194
00600004000000000000000012470000000009494210005000000000199379
00100007000000000000000008150000000000719010005000000000015099
00100007000000000000000008160000000000342110005000000000007184
00100007000000000000000008170000000000620450005000000000013030
00100007000000000000000008180000000000371610005000000000007804
00100007000000000000000008190000000008230610005000000000172843
00100007000000000000000008200000000000321720005000000000006756
00100007000000000000000008210000000000098340005000000000002065
00600007000000000000000001780000000000091740005000000000001927
00600007000000000000000001790000000120003000005000000002520063
00300007000000000000000000100000000120003010005000000002520063
00600004000000000000000012480000000006739670005000000000141533
00100007000000000000000008220000000000458010005000000000009618
00100007000000000000000008230000000000154550005000000000003245
00100007000000000000000008240000000000647530005000000000013598
00100007000000000000000008250000000000113800005000000000002390
00100007000000000000000008260000000003441650005000000000072275
00100007000000000000000008270000000001199160005000000000025182
00100007000000000000000008280000000000713640005000000000014986
00100007000000000000000008290000000002595210005000000000054499
00100007000000000000000008300000000002051640005000000000043085
00100007000000000000000008310000000004707030005000000000098848
00100007000000000000000008320000000000768930005000000000016148
00100007000000000000000008330000000000053720005000000000001128
00100007000000000000000008340000000000294210005000000000006179
00100007000000000000000008350000000000033060005000000000000694
00100007000000000000000008360000000000294210005000000000006179
00100007000000000000000008370000000000105370005000000000002213
00100007000000000000000008380000000000273350005000000000005740
00100007000000000000000008390000000002997110005000000000062939
00100007000000000000000008400000000001276020005000000000026797
00100007000000000000000008410000000001652060005000000000034693
00100007000000000000000008420000000006409100005000000000134591
00100007000000000000000008430000000000748760005000000000015724
00600007000000000000000001800000000000410580005000000000008622
00600007000000000000000001810000000000031960005000000000000671
00300007000000000000000000110000000000294210005000000000006179
00600004000000000000000012490000000006620660005000000000139034
00100007000000000000000008440000000000063930005000000000001343
00100007000000000000000008450000000000085950005000000000001805
00100007000000000000000008460000000000599180005000000000012583
00100007000000000000000008470000000000319940005000000000006719
00100007000000000000000008480000000000143310005000000000003010
00100007000000000000000008490000000000088510005000000000001859
00100007000000000000000008500000000000646280005000000000013572
00100007000000000000000008510000000001198360005000000000025166
00100007000000000000000008520000000000043550005000000000000915
00100007000000000000000008530000000000052680005000000000001106
00100007000000000000000008540000000000099410005000000000002088
00100007000000000000000008550000000001089660005000000000022883
00100007000000000000000008560000000000057600005000000000001210
00100007000000000000000008570000000195789410005000000004111578
00100007000000000000000008580000000059163930005000000001242443
00100007000000000000000008590000000002628180005000000000055192
00100007000000000000000008600000000000479340005000000000010066
00600007000000000000000001820000000000028800005000000000000605
00600004000000000000000012500000000009928100005000000000208490
00100007000000000000000008610000000000072730005000000000001527
00100007000000000000000008620000000000077970005000000000001637
00100007000000000000000008630000000000531070005000000000011152
00100007000000000000000008640000000000210740005000000000004426
00100007000000000000000008650000000001996150005000000000041919
00100007000000000000000008660000000000313120005000000000006576
00100007000000000000000008670000000000463790005000000000009739
00600007000000000000000001830000000000153550005000000000003225
00600004000000000000000012510000000013423970005000000000281903
00100007000000000000000008680000000002363710005000000000049638
00100007000000000000000008690000000000083300005000000000001749
00100007000000000000000008700000000011818510005000000000248189
00100007000000000000000008710000000000321740005000000000006757
00100007000000000000000008720000000000434950005000000000009134
00100007000000000000000008730000000000045660005000000000000959
00100007000000000000000008740000000000195300005000000000004101
00100007000000000000000008750000000000332000005000000000006972
00600007000000000000000001840000000000079090005000000000001661
00600004000000000000000012520000000009666940005000000000203006
00100007000000000000000008760000000000493840005000000000010371
00100007000000000000000008770000000000102410005000000000002151
00100007000000000000000008780000000000068140005000000000001431
00100007000000000000000008790000000000122580005000000000002574
00100007000000000000000008800000000000119830005000000000002516
00100007000000000000000008810000000000472740005000000000009928
00100007000000000000000008820000000000301770005000000000006337
00100007000000000000000008830000000000099860005000000000002097
00100007000000000000000008840000000000029650005000000000000623
00100007000000000000000008850000000000042150005000000000000885
00100007000000000000000008860000000000042850005000000000000900
00100007000000000000000008870000000000212350005000000000004459
00600007000000000000000001850000000000029500005000000000000620
00600007000000000000000001860000000000049880005000000000001047
00600004000000000000000012530000000009633060005000000000202294
00100007000000000000000008880000000000719010005000000000015099
00100007000000000000000008890000000001973900005000000000041452
00100007000000000000000008900000000000108950005000000000002288
00100007000000000000000008910000000000550040005000000000011551
00100007000000000000000008920000000000024790005000000000000521
00100007000000000000000008930000000000309090005000000000006491
00600007000000000000000001870000000000552960005000000000011612
00600007000000000000000001880000000002004650005000000000042098
00600004000000000000000012540000000010763640005000000000226036
00100007000000000000000008940000000001289320005000000000027076
00100007000000000000000008950000000015662870005000000000328920
00100007000000000000000008960000000006169640005000000000129562
00100007000000000000000008970000000000918830005000000000019296
00100007000000000000000008980000000000137680005000000000002891
00100007000000000000000008990000000000211450005000000000004440
00100007000000000000000009000000000000576040005000000000012097
00100007000000000000000009010000000000261320005000000000005488
00100007000000000000000009020000000000112400005000000000002361
00100007000000000000000009030000000000479340005000000000010066
00100007000000000000000009040000000002760750005000000000057976
00100007000000000000000009050000000000041450005000000000000870
00600007000000000000000001890000000000136880005000000000002874
00600007000000000000000001900000000000037190005000000000000781
00600004000000000000000012550000000011554550005000000000242645
00100007000000000000000009060000000000192820005000000000004049
00100007000000000000000009070000000000719010005000000000015099
00100007000000000000000009080000000001679460005000000000035269
00100007000000000000000009090000000000054860005000000000001152
00100007000000000000000009100000000000119830005000000000002516
00100007000000000000000009110000000000023180005000000000000487
00100007000000000000000009120000000000404350005000000000008491
00100007000000000000000009130000000000040190005000000000000844
00100007000000000000000009140000000000023140005000000000000486
00100007000000000000000009150000000000021780005000000000000457
00100007000000000000000009160000000000082730005000000000001737
00600007000000000000000001910000000000576030005000000000012097
00600007000000000000000001920000000001198360005000000000025165
00600007000000000000000001930000000002004650005000000000042098
00800007000000000000000000020000000002004650005000000000042098
00600004000000000000000012560000000008430580005000000000177042
00100007000000000000000009170000000001308650005000000000027482
00100007000000000000000009180000000000252320005000000000005299
00100007000000000000000009190000000000186250005000000000003911
00100007000000000000000009200000000000124400005000000000002612
00100007000000000000000009210000000420172510005000000008823623
00100007000000000000000009220000000000049170005000000000001033
00100007000000000000000009230000000017291970005000000000363131
00100007000000000000000009240000000001131930005000000000023770
00100007000000000000000009250000000000359510005000000000007550
00100007000000000000000009260000000000268340005000000000005635
00100007000000000000000009270000000000235330005000000000004942
00100007000000000000000009280000000005638780005000000000118414
00100007000000000000000009290000000000161570005000000000003393
00100007000000000000000009300000000000244420005000000000005133
00600007000000000000000001940000000000574000005000000000012054
00600007000000000000000001950000000002454670005000000000051548
00600007000000000000000001960000000000529670005000000000011123
00600007000000000000000001970000000000321260005000000000006746
00600007000000000000000001980000000000127780005000000000002683
00600007000000000000000001990000000000818560005000000000017190
00600004000000000000000012570000000007576860005000000000159114
00100007000000000000000009310000000002568700005000000000053943
00100007000000000000000009320000000001223720005000000000025698
00100007000000000000000009330000000000229700005000000000004824
00100007000000000000000009340000000003654660005000000000076748
00100007000000000000000009350000000000421490005000000000008851
00100007000000000000000009360000000086615860005000000001818933
00100007000000000000000009370000000000066930005000000000001406
00100007000000000000000009380000000001279060005000000000026860
00100007000000000000000009390000000000302840005000000000006360
00100007000000000000000009400000000000232100005000000000004874
00600007000000000000000002000000000000073060005000000000001534
00600007000000000000000002010000000000137690005000000000002891
00600007000000000000000002020000000000056860005000000000001194
00600004000000000000000012580000000006552070005000000000137593
00100007000000000000000009410000000011892770005000000000249748
00100007000000000000000009420000000001645550005000000000034557
00100007000000000000000009430000000247228500005000000005191798
00100007000000000000000009440000000019079340005000000000400666
00100007000000000000000009450000000001570250005000000000032975
00100007000000000000000009460000000000227730005000000000004782
00600007000000000000000002030000000000070950005000000000001490
00600004000000000000000012590000000007921490005000000000166351
00100007000000000000000009470000000000079370005000000000001667
00100007000000000000000009480000000000455210005000000000009559
00100007000000000000000009490000000000024880005000000000000522
00100007000000000000000009500000000000193170005000000000004057
00100007000000000000000009510000000000215500005000000000004525
00100007000000000000000009520000000000244460005000000000005134
00100007000000000000000009530000000000136690005000000000002871
00600007000000000000000002040000000000065330005000000000001372
00600007000000000000000002050000000000413880005000000000008692
00600004000000000000000012600000000009566120005000000000200888
00100007000000000000000009540000000000239670005000000000005033
00100007000000000000000009550000000000086830005000000000001823
00100007000000000000000009560000000230808010005000000004846968
00100007000000000000000009570000000000094550005000000000001985
00100007000000000000000009580000000000056200005000000000001180
00100007000000000000000009590000000000178430005000000000003747
00100007000000000000000009600000000000410110005000000000008612
00100007000000000000000009610000000000991740005000000000020827
00100007000000000000000009620000000052902220005000000001110947
00100007000000000000000009630000000000347390005000000000007295
00100007000000000000000009640000000000042030005000000000000883
00600007000000000000000002060000000001388800005000000000029165
00600007000000000000000002070000000015926750005000000000334462
00600007000000000000000002080000000000578800005000000000012155
00600007000000000000000002090000000000057600005000000000001210
00600004000000000000000012610000000012519010005000000000262899
00100007000000000000000009650000000000056200005000000000001180
00100007000000000000000009660000000000108240005000000000002273
00100007000000000000000009670000000000224790005000000000004721
00100007000000000000000009680000000000231110005000000000004853
00100007000000000000000009690000000000089320005000000000001876
00100007000000000000000009700000000002744490005000000000057634
00100007000000000000000009710000000000020660005000000000000434
00100007000000000000000009720000000012426030005000000000260947
00100007000000000000000009730000000004785070005000000000100486
00600007000000000000000002100000000001045290005000000000021951
00600004000000000000000012620000000013874380005000000000291362
00100007000000000000000009740000000000093990005000000000001974
00100007000000000000000009750000000000037510005000000000000788
00100007000000000000000009760000000000158130005000000000003321
00100007000000000000000009770000000000073060005000000000001534
00100007000000000000000009780000000000326880005000000000006864
00100007000000000000000009790000000000231460005000000000004861
00100007000000000000000009800000000000029100005000000000000611
00100007000000000000000009810000000000442560005000000000009294
00100007000000000000000009820000000000646400005000000000013575
00100007000000000000000009830000000000247270005000000000005193
00100007000000000000000009840000000000175600005000000000003688
00100007000000000000000009850000000007438550005000000000156209
00100007000000000000000009860000000004132310005000000000086779
00100007000000000000000009870000000000354050005000000000007435
00100007000000000000000009880000000000157100005000000000003299
00100007000000000000000009890000000015552220005000000000326597
00100007000000000000000009900000000004228430005000000000088797
00100007000000000000000009910000000002050550005000000000043061
00100007000000000000000009920000000010747430005000000000225696
00100007000000000000000009930000000000719690005000000000015114
00100007000000000000000009940000000000064630005000000000001357
00600007000000000000000002110000000001063680005000000000022337
00600007000000000000000002120000000000263550005000000000005535
00600007000000000000000002130000000000070250005000000000001475
00600004000000000000000012630000000012056200005000000000253180
00100007000000000000000009950000000000147930005000000000003107
00100007000000000000000009960000000000103140005000000000002166
00100007000000000000000009970000000001489140005000000000031272
00100007000000000000000009980000000002141310005000000000044968
00100007000000000000000009990000000000879510005000000000018470
00100007000000000000000010000000000002668300005000000000056034
00100007000000000000000010010000000000074600005000000000001567
00600007000000000000000002140000000000119850005000000000002517
00600007000000000000000002150000000000119830005000000000002517
00600007000000000000000002160000000000021780005000000000000457
00600004000000000000000012640000000005366120005000000000112688
00100007000000000000000010020000000000174210005000000000003659
00100007000000000000000010030000000000388270005000000000008154
00100007000000000000000010040000000000207630005000000000004360
00100007000000000000000010050000000000306980005000000000006446
00100007000000000000000010060000000001586780005000000000033322
00100007000000000000000010070000000000380450005000000000007990
00600004000000000000000012650000000006524790005000000000137021
00100007000000000000000010080000000001473110005000000000030935
00100007000000000000000010090000000000150330005000000000003157
00100007000000000000000010100000000000119850005000000000002517
00100007000000000000000010110000000000347730005000000000007302
00100007000000000000000010120000000000288510005000000000006059
00100007000000000000000010130000000036787710005000000000772542
00100007000000000000000010140000000008244980005000000000173145
00100007000000000000000010150000000007857940005000000000165017
00100007000000000000000010160000000000143310005000000000003010
00100007000000000000000010170000000000032710005000000000000687
00100007000000000000000010180000000000571290005000000000011997
00100007000000000000000010190000000001797540005000000000037748
00600007000000000000000002170000000000871070005000000000018293
00600004000000000000000012660000000008684300005000000000182370
00100007000000000000000010200000000000359510005000000000007550
00100007000000000000000010210000000002523730005000000000052998
00100007000000000000000010220000000000165640005000000000003479
00100007000000000000000010230000000000593450005000000000012462
00100007000000000000000010240000000000147870005000000000003105
00100007000000000000000010250000000000248710005000000000005223
00100007000000000000000010260000000000042150005000000000000885
00100007000000000000000010270000000000347140005000000000007290
00100007000000000000000010280000000062439950005000000001311239
00100007000000000000000010290000000369278750005000000007754854
00100007000000000000000010300000000003305870005000000000069423
00100007000000000000000010310000000000191780005000000000004027
00600007000000000000000002180000000001198360005000000000025165
00600007000000000000000002190000000000281690005000000000005916
00600007000000000000000002200000000000113450005000000000002382
00600007000000000000000002210000000000292940005000000000006152
00600007000000000000000002220000000000729030005000000000015310
00600007000000000000000002230000000000042770005000000000000898
00600004000000000000000012670000000011179340005000000000234766
00100007000000000000000010320000000000119830005000000000002516
00100007000000000000000010330000000000024790005000000000000521
00100007000000000000000010340000000000214260005000000000004499
00100007000000000000000010350000000000231810005000000000004868
00100007000000000000000010360000000000211450005000000000004441
00100007000000000000000010370000000000551450005000000000011580
00100007000000000000000010380000000000119830005000000000002516
00100007000000000000000010390000000005542310005000000000116389
00100007000000000000000010400000000000334380005000000000007022
00100007000000000000000010410000000000243470005000000000005113
00100007000000000000000010420000000000042290005000000000000888
00100007000000000000000010430000000000859550005000000000018051
00100007000000000000000010440000000000217520005000000000004568
00100007000000000000000010450000000000612550005000000000012864
00100007000000000000000010460000000000256830005000000000005393
00100007000000000000000010470000000000233640005000000000004907
00100007000000000000000010480000000000599180005000000000012583
00100007000000000000000010490000000000304880005000000000006403
00600007000000000000000002240000000000580250005000000000012185
00600007000000000000000002250000000000708100005000000000014870
00600007000000000000000002260000000000305980005000000000006426
00600004000000000000000012680000000007386780005000000000155122
00100005000000000000000052320000000009544610005000000000200437
00600005000000000000000081640000000000838840005000000000017616
00600005000000000000000081650000000002763310005000000000058029
00600005000000000000000081660000000000268600005000000000005640
00600005000000000000000081670000000000119830005000000000002517
00600005000000000000000081680000000000086780005000000000001822
00600005000000000000000081690000000000119830005000000000002517
00600005000000000000000081700000000000363640005000000000007636
00600005000000000000000081710000000001551070005000000000032573
00600005000000000000000081720000000000359500005000000000007550
00600005000000000000000081730000000005272730005000000000110727
00600005000000000000000081740000000000239670005000000000005033
00100005000000000000000052330000000001334700005000000000028029
00100005000000000000000052340000000000297520005000000000006248
00600005000000000000000081750000000000598350005000000000012565
00600005000000000000000081760000000000132230005000000000002777
00600005000000000000000081770000000000063640005000000000001336
00600005000000000000000081780000000000078510005000000000001649
00600005000000000000000081790000000000872730005000000000018327
00600005000000000000000081800000000000119830005000000000002517
00600005000000000000000081810000000000148760005000000000003124
00600005000000000000000081820000000000252070005000000000005293
00600005000000000000000081830000000003435700005000000000072150
00600005000000000000000081840000000000221490005000000000004651
00600005000000000000000081850000000000614660005000000000012908
00100005000000000000000052350000000000247920005000000000005206
00100005000000000000000052360000000001880170005000000000039484
00100005000000000000000052370000000004041180005000000000084865
00600005000000000000000081860000000000082640005000000000001736
00600005000000000000000081870000000000049590005000000000001041
00600005000000000000000081880000000000065290005000000000001371
00600005000000000000000081890000000006235540005000000000130946
00600005000000000000000081900000000003471070005000000000072893
00600005000000000000000081910000000001266120005000000000026588
00600005000000000000000081920000000005429090005000000000114011
00600005000000000000000081930000000000450410005000000000009459
00600005000000000000000081940000000000078510005000000000001649
00600005000000000000000081950000000000572730005000000000012027
00600005000000000000000081960000000000173550005000000000003645
00600005000000000000000081970000000000739670005000000000015533
00600005000000000000000081980000000000086780005000000000001822
00100005000000000000000052380000000008760400005000000000183968
00100005000000000000000052390000000000119830005000000000002516
00100005000000000000000052400000000001851200005000000000038875
00100005000000000000000052410000000003426370005000000000071954
00100005000000000000000052420000000000718980005000000000015099
00600005000000000000000081990000000001284300005000000000026970
00600005000000000000000082000000000000599170005000000000012583
00600005000000000000000082010000000000173550005000000000003645
00600005000000000000000082020000000000264460005000000000005554
00600005000000000000000082030000000000115700005000000000002430
00600005000000000000000082040000000000080990005000000000001701
00600005000000000000000082050000000000033060005000000000000694
00600005000000000000000082060000000000262810005000000000005519
00600005000000000000000082070000000001223140005000000000025686
00600005000000000000000082080000000002214550005000000000046505
00600005000000000000000082090000000001958680005000000000041132
00600005000000000000000082100000000001393800005000000000029270
00100005000000000000000052430000000000396680005000000000008330
00600005000000000000000082110000000000223140005000000000004686
00600005000000000000000082120000000000109090005000000000002291
00600005000000000000000082130000000003442150005000000000072285
00600005000000000000000082140000000000636360005000000000013364
00600005000000000000000082150000000000148760005000000000003124
00600005000000000000000082160000000000700830005000000000014717
00600005000000000000000082170000000000359500005000000000007550
00600005000000000000000082180000000001471070005000000000030893
00600005000000000000000082190000000002661160005000000000055884
00600005000000000000000082200000000001958680005000000000041132
00600005000000000000000082210000000000826450005000000000017355
00100006000000000000000001360000000018023000005000000000378483
00100006000000000000000001370000000035595000005000000000747495
00100006000000000000000001380000000010000000005000000000210000
00100006000000000000000001390000000030000000005000000000630000
00100006000000000000000001400000000019600000005000000000411600
00100005000000000000000052440000000000119830005000000000002516
00600005000000000000000082220000000000355370005000000000007463
00600005000000000000000082230000000000648760005000000000013624
00600005000000000000000082240000000000260170005000000000005463
00600005000000000000000082250000000000388430005000000000008157
00600005000000000000000082260000000002826450005000000000059355
00600005000000000000000082270000000000028930005000000000000607
00600005000000000000000082280000000000669420005000000000014058
00600005000000000000000082290000000001567930005000000000032927
00100005000000000000000052450000000002954500005000000000062045
00100005000000000000000052460000000000173560005000000000003645
00600005000000000000000082300000000000446280005000000000009372
00600005000000000000000082310000000001128100005000000000023690
00600005000000000000000082320000000000115700005000000000002430
00600005000000000000000082330000000007561980005000000000158802
00600005000000000000000082340000000000264460005000000000005554
00600005000000000000000082350000000000863640005000000000018136
00100005000000000000000052470000000000239660005000000000005033
00100005000000000000000052480000000000115700005000000000002430
00600005000000000000000082360000000000247930005000000000005207
00600005000000000000000082370000000000652890005000000000013711
00600005000000000000000082380000000001285120005000000000026988
00600005000000000000000082390000000000169420005000000000003558
00600005000000000000000082400000000000119830005000000000002517
00600005000000000000000082410000000000173550005000000000003645
00600005000000000000000082420000000000231400005000000000004860
00600005000000000000000082430000000000272730005000000000005727
00600005000000000000000082440000000002223140005000000000046686
00600005000000000000000082450000000000158680005000000000003332
00600005000000000000000082460000000002380170005000000000049983
00600005000000000000000082470000000000251240005000000000005276
00600005000000000000000082480000000000223140005000000000004686
00600005000000000000000082490000000002396690005000000000050331
00100005000000000000000052490000000000599150005000000000012582
00100005000000000000000052500000000000157020005000000000003297
00100005000000000000000052510000000011818000005000000000248178
00600005000000000000000082500000000003925620005000000000082438
00600005000000000000000082510000000000338840005000000000007116
00600005000000000000000082520000000000119830005000000000002517
00600005000000000000000082530000000002479340005000000000052066
00600005000000000000000082540000000000578510005000000000012149
00600005000000000000000082550000000000198350005000000000004165
00600005000000000000000082560000000001074380005000000000022562
00600005000000000000000082570000000000119830005000000000002517
00600005000000000000000082580000000001421570005000000000029853
00600005000000000000000082590000000000826450005000000000017355
00600005000000000000000082600000000000357440005000000000007506
00100005000000000000000052520000000000966780005000000000020302
00100005000000000000000052530000000000276850005000000000005814
00100005000000000000000052540000000000247900005000000000005206
00600005000000000000000082610000000003906600005000000000082039
00600005000000000000000082620000000001074380005000000000022562
00600005000000000000000082630000000001202480005000000000025252
00600005000000000000000082640000000000347110005000000000007289
00600005000000000000000082650000000000785120005000000000016488
00600005000000000000000082660000000000264460005000000000005554
00600005000000000000000082670000000001915700005000000000040230
00600005000000000000000082680000000000239670005000000000005033
00600005000000000000000082690000000000272730005000000000005727
00100005000000000000000052550000000002540670005000000000053354
00600005000000000000000082700000000000323800005000000000006800
00600005000000000000000082710000000001134710005000000000023829
00600005000000000000000082720000000000239670005000000000005033
00600005000000000000000082730000000000322310005000000000006769
00600005000000000000000082740000000000264460005000000000005554
00600005000000000000000082750000000000354550005000000000007445
00600005000000000000000082760000000001479340005000000000031066
00600005000000000000000082770000000000260330005000000000005467
00600005000000000000000082780000000005006610005000000000105139
00600005000000000000000082790000000000049590005000000000001041
00600005000000000000000082800000000000475210005000000000009979
00600005000000000000000082810000000000019830005000000000000417
00100005000000000000000052560000000000938840005000000000019716
00100005000000000000000052570000000000183470005000000000003853
00100005000000000000000052580000000000066000005000000000001386
00600005000000000000000082820000000000669420005000000000014058
00600005000000000000000082830000000001735540005000000000036446
00600005000000000000000082840000000000231400005000000000004860
00600005000000000000000082850000000000049590005000000000001041
00600005000000000000000082860000000001116030005000000000023437
00600005000000000000000082870000000000165290005000000000003471
00600005000000000000000082880000000001289260005000000000027074
00600005000000000000000082890000000000198350005000000000004165
00600005000000000000000082900000000000400830005000000000008417
00100005000000000000000052590000000000247920005000000000005206
00600005000000000000000082910000000001031400005000000000021660
00600005000000000000000082920000000000438020005000000000009198
00600005000000000000000082930000000000338430005000000000007107
00600005000000000000000082940000000002095870005000000000044013
00600005000000000000000082950000000001673550005000000000035145
00600005000000000000000082960000000000190080005000000000003992
00600005000000000000000082970000000000370250005000000000007775
00600005000000000000000082980000000000053720005000000000001128
00100005000000000000000052600000000000239660005000000000005033
00100005000000000000000052610000000003421500005000000000071852
00100005000000000000000052620000000002396600005000000000050329
00100005000000000000000052630000000000192630005000000000004045
00100005000000000000000052640000000003221950005000000000067661
00600005000000000000000082990000000000252070005000000000005293
00600005000000000000000083000000000000111570005000000000002343
00600005000000000000000083010000000000272730005000000000005727
00600005000000000000000083020000000002189420005000000000045978
00600005000000000000000083030000000000074380005000000000001562
00600005000000000000000083040000000000710740005000000000014926
00600005000000000000000083050000000000086780005000000000001822
00600005000000000000000083060000000001389260005000000000029174
00600005000000000000000083070000000002103300005000000000044169
00600005000000000000000083080000000000392560005000000000008244
00600005000000000000000083090000000001653060005000000000034714
00600005000000000000000083100000000000413220005000000000008678
00600005000000000000000083110000000000247930005000000000005207
00600005000000000000000083120000000000024790005000000000000521
00600005000000000000000083130000000000388430005000000000008157
00600005000000000000000083140000000000565290005000000000011871
00600005000000000000000083150000000000541320005000000000011368
00600005000000000000000083160000000001414060005000000000029695
00600005000000000000000083170000000000826450005000000000017355
00600005000000000000000083180000000000078510005000000000001649
00600005000000000000000083190000000000791740005000000000016626
00600005000000000000000083200000000001272730005000000000026727
00100005000000000000000052650000000000264460005000000000005554
00100005000000000000000052660000000000016530005000000000000347
00600005000000000000000083210000000002285120005000000000047988
00600005000000000000000083220000000000165290005000000000003471
00600005000000000000000083230000000000347110005000000000007289
00600005000000000000000083240000000000272730005000000000005727
00600005000000000000000083250000000005743800005000000000120620
00600005000000000000000083260000000000785120005000000000016488
00600005000000000000000083270000000000149590005000000000003141
00600005000000000000000083280000000000165790005000000000003481
00600005000000000000000083290000000000347110005000000000007289
00600005000000000000000083300000000002942150005000000000061785
00600005000000000000000083310000000003714630005000000000078007
00100005000000000000000052670000000000322300005000000000006768
00600005000000000000000083320000000001388430005000000000029157
00600005000000000000000083330000000000609090005000000000012791
00600005000000000000000083340000000000242150005000000000005085
00600005000000000000000083350000000000958680005000000000020132
00600005000000000000000083360000000000016530005000000000000347
00600005000000000000000083370000000000165290005000000000003471
00600005000000000000000083380000000000132230005000000000002777
00600005000000000000000083390000000000677690005000000000014231
00600005000000000000000083400000000000423140005000000000008886
00600005000000000000000083410000000000198350005000000000004165
00600005000000000000000083420000000001128930005000000000023707
00600005000000000000000083430000000000214880005000000000004512
00600005000000000000000083440000000000396690005000000000008331
00600005000000000000000083450000000000239670005000000000005033
00100005000000000000000052680000000000020650005000000000000434
00100005000000000000000052690000000000020650005000000000000434
00600005000000000000000083460000000000454550005000000000009545
00600005000000000000000083470000000000239670005000000000005033
00600005000000000000000083480000000000119830005000000000002517
00600005000000000000000083490000000000356200005000000000007480
00600005000000000000000083500000000000119830005000000000002517
00600005000000000000000083510000000000652890005000000000013711
00600005000000000000000083520000000000371900005000000000007810
00600005000000000000000083530000000000363640005000000000007636
00600005000000000000000083540000000000210740005000000000004426
00100005000000000000000052700000000001710750005000000000035926
00100005000000000000000052710000000001198300005000000000025164
00600005000000000000000083550000000000261980005000000000005502
00600005000000000000000083560000000000727270005000000000015273
00600005000000000000000083570000000000086780005000000000001822
00600005000000000000000083580000000000049590005000000000001041
00600005000000000000000083590000000000529750005000000000011125
00600005000000000000000083600000000000086780005000000000001822
00600005000000000000000083610000000000231400005000000000004860
00600005000000000000000083620000000000446280005000000000009372
00600005000000000000000083630000000000074380005000000000001562
00600005000000000000000083640000000000078510005000000000001649
00600005000000000000000083650000000000445450005000000000009355
00600005000000000000000083660000000000714880005000000000015012
00600005000000000000000083670000000005355370005000000000112463
00600005000000000000000083680000000000115700005000000000002430
00600005000000000000000083690000000000239670005000000000005033
00600005000000000000000083700000000000086780005000000000001822
00600005000000000000000083710000000000417360005000000000008764
00100005000000000000000052720000000001495760005000000000031411
00100005000000000000000052730000000001198300005000000000025164
00100005000000000000000052740000000001239680005000000000026033
00600005000000000000000083720000000000222310005000000000004669
00600005000000000000000083730000000000165290005000000000003471
00600005000000000000000083740000000000512400005000000000010760
00600005000000000000000083750000000000209090005000000000004391
00600005000000000000000083760000000000309920005000000000006508
00600005000000000000000083770000000000929750005000000000019525
00600005000000000000000083780000000000611570005000000000012843
00600005000000000000000083790000000000165290005000000000003471
00600005000000000000000083800000000000264450005000000000005553
00600005000000000000000083810000000000078510005000000000001649
00600005000000000000000083820000000000078510005000000000001649
00600005000000000000000083830000000001603310005000000000033669
00600005000000000000000083840000000000082640005000000000001736
00600005000000000000000083850000000007672730005000000000161127
00600005000000000000000083860000000000078510005000000000001649
00600005000000000000000083870000000000119830005000000000002517
00600005000000000000000083880000000000115700005000000000002430
00600005000000000000000083890000000000231400005000000000004860
00100005000000000000000052750000000000512380005000000000010760
00100005000000000000000052760000000000066080005000000000001388
00100005000000000000000052770000000002281000005000000000047901
00100005000000000000000052780000000002148750005000000000045124
00100005000000000000000052790000000000347100005000000000007289
00600005000000000000000083900000000000272730005000000000005727
00600005000000000000000083910000000000078510005000000000001649
00600005000000000000000083920000000000417850005000000000008775
00600005000000000000000083930000000000725620005000000000015238
00600005000000000000000083940000000001297520005000000000027248
00600005000000000000000083950000000000314050005000000000006595
00600005000000000000000083960000000000119830005000000000002517
00600005000000000000000083970000000000099170005000000000002083
00600005000000000000000083980000000000334710005000000000007029
00600005000000000000000083990000000000119830005000000000002517
00600005000000000000000084000000000000198350005000000000004165
00600005000000000000000084010000000000119830005000000000002517
00600005000000000000000084020000000000049590005000000000001041
00600005000000000000000084030000000000285120005000000000005988
00600005000000000000000084040000000001616940005000000000033956
00600005000000000000000084050000000002571070005000000000053993
00100005000000000000000052800000000000599150005000000000012582
00600005000000000000000084060000000000383470005000000000008053
00600005000000000000000084070000000000041320005000000000000868
00600005000000000000000084080000000000165290005000000000003471
00600005000000000000000084090000000000260330005000000000005467
00600005000000000000000084100000000000078510005000000000001649
00600005000000000000000084110000000000743800005000000000015620
00600005000000000000000084120000000000359500005000000000007550
00600005000000000000000084130000000000785120005000000000016488
00600005000000000000000084140000000000024790005000000000000521
00600005000000000000000084150000000000078510005000000000001649
00600005000000000000000084160000000000457850005000000000009615
00600005000000000000000084170000000002421490005000000000050851
00600005000000000000000084180000000000871900005000000000018310
00600005000000000000000084190000000014049590005000000000295041
00600005000000000000000084200000000000111570005000000000002343
00100005000000000000000052810000000000194700005000000000004089
00100005000000000000000052820000000000648730005000000000013623
00600005000000000000000084210000000000074380005000000000001562
00600005000000000000000084220000000005132230005000000000107777
00600005000000000000000084230000000000479340005000000000010066
00600005000000000000000084240000000000239670005000000000005033
00600005000000000000000084250000000000950410005000000000019959
00600005000000000000000084260000000000119830005000000000002517
00600005000000000000000084270000000000342150005000000000007185
00600005000000000000000084280000000000012400005000000000000260
00600005000000000000000084290000000000035540005000000000000746
00600005000000000000000084300000000000082640005000000000001736
00100006000000000000000001410000000209118960005000000004391498
00300006000000000000000000020000000209118960005000000004391498
00600006000000000000000000030000000209118960005000000004391498
00100005000000000000000052830000000004793200005000000000100657
00100005000000000000000052840000000001111600005000000000023344
00600005000000000000000084310000000000425620005000000000008938
00600005000000000000000084320000000000504130005000000000010587
00600005000000000000000084330000000000115700005000000000002430
00600005000000000000000084340000000022809920005000000000479008
00600005000000000000000084350000000000185930005000000000003905
00600005000000000000000084360000000000144630005000000000003037
00100005000000000000000052850000000000037200005000000000000781
00100005000000000000000052860000000000351160005000000000007374
00100005000000000000000052870000000000989260005000000000020774
00100005000000000000000052880000000000773170005000000000016237
00100005000000000000000052890000000000359490005000000000007549
00100005000000000000000052900000000000136360005000000000002864
00100005000000000000000052910000000000330590005000000000006942
00600005000000000000000084370000000000049590005000000000001041
00600005000000000000000084380000000000074380005000000000001562
00600005000000000000000084390000000000111570005000000000002343
00600005000000000000000084400000000000041940005000000000000881
00600005000000000000000084410000000001271980005000000000026711
00600005000000000000000084420000000005020660005000000000105434
00600005000000000000000084430000000002033060005000000000042694
00600005000000000000000084440000000000035540005000000000000746
00100005000000000000000052920000000001595040005000000000033496
00100005000000000000000052930000000000119830005000000000002516
00600005000000000000000084450000000001457020005000000000030598
00600005000000000000000084460000000000185950005000000000003905
00600005000000000000000084470000000000202470005000000000004252
00600005000000000000000084480000000000479340005000000000010066
00600005000000000000000084490000000000165290005000000000003471
00600005000000000000000084500000000000304130005000000000006387
00600005000000000000000084510000000001095040005000000000022996
00600005000000000000000084520000000000479340005000000000010066
00600005000000000000000084530000000000322310005000000000006769
00600005000000000000000084540000000000710740005000000000014926
00600005000000000000000084550000000000247930005000000000005207
00600005000000000000000084560000000000347110005000000000007289
00600005000000000000000084570000000000061980005000000000001302
00600005000000000000000084580000000000066120005000000000001388
00600005000000000000000084590000000000565080005000000000011867
00600005000000000000000084600000000000095040005000000000001996
00600005000000000000000084610000000000082640005000000000001736
00600005000000000000000084620000000001280990005000000000026901
00600005000000000000000084630000000000119830005000000000002517
00600005000000000000000084640000000000766940005000000000016106
00600005000000000000000084650000000000136360005000000000002864
00600005000000000000000084660000000000991740005000000000020826
00600005000000000000000084670000000001198350005000000000025165
00600006000000000000000000040000000209139210005000000004391924
00100005000000000000000052940000000000160320005000000000003367
00100005000000000000000052950000000000047930005000000000001007
00100005000000000000000052960000000000359490005000000000007549
00100005000000000000000052970000000001727280005000000000036273
00600005000000000000000084680000000000165290005000000000003471
00600005000000000000000084690000000000479500005000000000010070
00600005000000000000000084700000000001216030005000000000025537
00600005000000000000000084710000000000086780005000000000001822
00600005000000000000000084720000000000743800005000000000015620
00600005000000000000000084730000000000123640005000000000002596
