001000010000000000002016070480000000000305000084540000000000442150005000000000009285
001000050000000000000000004080000000000307105514600000000000000000003000000000000000
001000040000000000000000003580000000000201283823490000000002712000004000000000028476
001000030000000000000000010480000000000202797439470000000000000000003000000000000000
001000030000000000000000011280000000000202797439470000000000000000003000000000000000
001000050000000000000000003680000000000305579592850000000013884300005000000000291570
001000030000000000000000013480000000000306309495280000000000595500005000000000012506
001000710000000000000000122580000000000305809887130000000005296760005000000000111232
001010220000000000000499127980000000000305736520840000000000381610005000000000008014
001010220000000000000511876980000000000305736520840000000000381610005000000000008014
001001010000000000000029343680000000000306906336350000000000353700006000000000009550
001000230000000000000000051580000000000307094613260000000002066120005000000000043388
001000010000000000000000225780000000000307106338150000000000442150005000000000009285
001000010000000000000000010880000000000232784011890000000000380170005000000000007983
001000190000000000000000071180000000000336812560890000000000613640005000000000012886
001030710000000000000000869980000000000307087729640000000001588080005000000000033350
001030710000000001111111869980000000000307087729640000000000014560004000000000000153
001000020000000000000001333380000000000271735511990000000000078510005000000000001649
001000020000000000000000078280000000000202403720970000000000264460005000000000005554
001000070000000000000000289480000000000202316723550000000000057860005000000000001215
001000450000000000000001383180000000000305835167900000000000752190005000000000015796
001000120000000000000003296980000000000305898164350000000000355370005000000000007463
001001190000000000000000036280000000000305404877110000000000247110005000000000005189
001000030000000000000000038680000000000270999332460000000000223140005000000000004686
001000960000000000000000006080000000000307074898780000000001446280005000000000030372
001000070000000000000001166980000000000336812653390000000000227150004000000000002385
001000180000000000000007155780000000000201041200840000000000252290005000000000005298
001000180000000000000007222480000000000201041200840000000000252670005000000000005306
001000060000000000000007525280000000000307103884110000000000288240005000000000006053
001000060000000000000007307580000000000307103884110000000000493220005000000000010358
