001000010000000000002016100180000000000305000100840000000000117000005000000000002457
001000010000000000002016100280000000000305000100840000000000430000005000000000009030
001000010000000000002016100380000000000305000017350000000000734000005000000000015414
001000010000000000002016100480000000000305000017350000000000200700004000000000002107
001000010000000000000000920180000000000200626771480000000000252070005000000000005293
001000010000000000000000923380000000000200626771480000000000046280005000000000000972
001000010000000000000004165980000000000201616718950000000000232230005000000000004877
001000010000000000000004179680000000000201616718950000000000227270005000000000004773
001000010000000000000004191480000000000201616718950000000000547110005000000000011489
001000020000000000000000019280000000000307151657120000000000413220005000000000008678
001000010000000000000000181680000000000305575397310000000001481820005000000000031118
001000430000000000000002113980000000000307087253460000000000427790005000000000008984
001000430000000000000002117580000000000307087253460000000000991980005000000000020831
001000430000000000000002127180000000000307087253460000000000339120005000000000007121
001000430000000000000002143580000000000307087253460000000000818310005000000000017185
001000430000000000000002162380000000000307087253460000000015174360005000000000318662
001000010000000000000001120180000000000307119542590000000002359510005000000000049550
001000430000000000000002193680000000000307087253460000000004302740005000000000090357
001000430000000000000002204780000000000307087253460000000016483500005000000000346154
001000430000000000000002213780000000000307087253460000000016012950005000000000336272
001000430000000000000002158180000000000307087253460000000003575580005000000000075087
001000430000000000000002165880000000000307087253460000000009434490005000000000198124
001000430000000000000002179380000000000307087253460000000005307010005000000000111447
001000430000000000000002179480000000000307087253460000000004017090005000000000084359
001000430000000000000002186480000000000307087253460000000023070950005000000000484490
001000430000000000000002200680000000000307087253460000000004365580005000000000091677
001000430000000000000002201880000000000307087253460000000121103720005000000002543178
001000430000000000000002211280000000000307087253460000000000909260005000000000019094
001000430000000000000002211880000000000307087253460000000002943410005000000000061812
001000430000000000000002220980000000000307087253460000000003128600005000000000065701
001000430000000000000002235280000000000307087253460000000008727030005000000000183268
003000430000000000000000337480000000000307087253460000000002015830005000000000042332
003000430000000000000000344080000000000307087253460000000003841400005000000000080669
003000430000000000000000346680000000000307087253460000000008629360005000000000181217
003000430000000000000000354980000000000307087253460000000012837560005000000000269589
003000430000000000000000354180000000000307087253460000000000192540005000000000004043
001000010000000000000000008680000000000273119387760000000000351240005000000000007376
001000040000000000000000010380000000000200817762540000000003413200005000000000071677
001000040000000000000000010480000000000200817762540000000000243800005000000000005120
001000020000000000000000014480000000000337150688990000000000181820005000000000003818
001000030000000000000000496880000000000270378387940000000000750410005000000000015759
001000070000000000000001680080000000000307000670210000000005774400005000000000121262
001000070000000000000002693580000000000307000670210000000000966810005000000000020303
001000070000000000000002791180000000000307000670210000000009794920005000000000205693
001000070000000000000002793180000000000307000670210000000011162230005000000000234407
001000070000000000000002792880000000000307000670210000000004050250005000000000085055
001000070000000000000002809180000000000307000670210000000001188720005000000000024963
001000070000000000000002841480000000000307000670210000000002517150005000000000052860
001000130000000000000000647680000000000306812337480000000000560360005000000000011767
001000130000000000000000659080000000000306812337480000000000131450005000000000002761
001000130000000000000000704780000000000306812337480000000001704470005000000000035794
001000130000000000000000709780000000000306812337480000000003076080005000000000064598
001000020000000000000000233880000000000307095163090000000001420660005000000000029834
001000110000000000000000202480000000000201108184410000000000066120005000000000001388
001001220000000000000001360280000000000305597150810000000015477160005000000000325020
001000020000000000000001861680000000000307114346540000000003747270005000000000078693
001000130000000000000001455380000000000231458205290000000000028930005000000000000608
001000070000000000000000208380000000000307079528530000000000272730005000000000005727
001000040000000000000057534880000000000305189193490000000001966880005000000000041304
001000040000000000000057534980000000000305189193490000000000425620005000000000008938
001000040000000000000057534680000000000305189193490000000001376130005000000000028899
001000040000000000000057534780000000000305189193490000000000387960005000000000008147
001018910000000000000002230480000000000305903607630000000000067770005000000000001423
001018910000000000000002230680000000000305903607630000000000140500005000000000002950
001018880000000000000002311180000000000305903607630000000000282640005000000000005936
001018980000000000000001306980000000000305903607630000000000338010005000000000007098
001030690000000000000000903580000000000307087729640000000003600490005000000000075610
001058320000000000000000045580000000000307087729640000000000213670005000000000004487
001058240000000000000000138780000000000307087729640000000000193790005000000000004069
001058240000000000000000138580000000000307087729640000000000128920005000000000002707
001058240000000000000000138280000000000307087729640000000000214620005000000000004507
001058240000000000111111138280000000000307087729640000000000264060004000000000002773
001058240000000000000000138180000000000307087729640000000000118290005000000000002484
001058240000000000111111138180000000000307087729640000000000019090004000000000000200
001013550000000000000000206880000000000306129294550000000000378640005000000000007951
001013560000000000000000372180000000000306129294550000000000250100005000000000005252
001000110000000000000000046380000000000307124296460000000000132070005000000000002774
001000110000000000000000235380000000000307124296460000000000462280005000000000009708
001000110000000000000000299180000000000307124296460000000000594350005000000000012481
001000110000000000000000325880000000000307124296460000000000066170005000000000001390
001000110000000000000000365880000000000307124296460000000000085990005000000000001806
001000110000000000000000367480000000000307124296460000000000433300005000000000009099
001000110000000000000000406580000000000307124296460000000000264600005000000000005557
001000310000000000000003661280000000000307084899280000000000890510005000000000018701
001000070000000000000004438480000000000307084899280000000000896590005000000000018828
001000190000000000000000156380000000000307118647210000000000134920005000000000002833
001000190000000000000000023480000000000307118647210000000000603710005000000000012678
001000190000000000000000041180000000000307118647210000000000067590005000000000001419
001000200000000000000000078080000000000307118647210000000000152130005000000000003195
001000190000000000000000122480000000000307118647210000000001267440005000000000026616
001000190000000000000000165680000000000307118647210000000000269790005000000000005666
001000040000000000000003238480000000000201616702600000000000037190005000000000000781
001000040000000000000003239280000000000201616702600000000000185950005000000000003905
001000040000000000000003207780000000000201616702600000000000661160005000000000013884
001000040000000000000003207880000000000201616702600000000000045450005000000000000955
001000040000000000000003230880000000000201616702600000000000677270005000000000014223
001000040000000000000003229080000000000201616702600000000000322310005000000000006769
001000030000000000000003980780000000000307074012020000000000190250005000000000003995
001000020000000000000000554080000000000307110364030000000000193600005000000000004065
001000050000000000000001610380000000000272035224310000000000104440005000000000002193
001000070000000000000003426580000000000306812337480000000004238990005000000000089019
001000020000000000000000542380000000000201645109060000000003264470005000000000068554
001000040000000000000000698080000000000307112698310000000000370250005000000000007775
001000310000000000000002660780000000000336390738290000000000328650005000000000006902
001000140000000000000001012880000000000306153026580000000001021490005000000000021451
001001360000000000000000667080000000000306270624900000000000064130005000000000001347
001000110000000000000000752980000000000305780296360000000000909090005000000000019091
001013570000000000000000265680000000000306129294550000000000416430005000000000008745
001013560000000000000000375880000000000306129294550000000000135670005000000000002849
001058230000000000000000094080000000000307087729640000000000133940005000000000002813
001058230000000000001111194080000000000307087729640000000000092140004000000000000967
001030710000000000000000893080000000000307087729640000000002975390005000000000062483
001030710000000000011111893080000000000307087729640000000000035280004000000000000370
001000030000000000000000061280000000000306906415140000000028701000005000000000602721
001000010000000000000000018280000000000202268509700000000628925620005000000013207438
001000010000000000009009338880000000000305000100840000000001598820004000000000016788
001000010000000000009009318180000000000305000100840000000002290700004000000000024052
001000010000000000009009328980000000000305000100840000000001896300004000000000019911
001000010000000000009009331680000000000305000100840000000001440890004000000000015129
001000010000000000009009324480000000000305000100840000000001858470004000000000019514
001000010000000000009009334980000000000305000100840000000000143740004000000000001509
001000010000000000009009326280000000000305000100840000000001230270004000000000012918
001000010000000000009009318780000000000305000100840000000002521600004000000000026477
001000010000000000009009320480000000000305000100840000000000753530004000000000007912
001000010000000000009009343080000000000305000100840000000001747850004000000000018352
001000010000000000009009333480000000000305000100840000000000844860004000000000008871
001000010000000000009009317780000000000305000100840000000000954460004000000000010022
001000010000000000009009327980000000000305000100840000000000544240004000000000005715
001000010000000000009009337380000000000305000100840000000003566370004000000000037447
001000010000000000009009338380000000000305000100840000000002383520004000000000025027
001000010000000000009009319080000000000305000100840000000000273310004000000000002870
001000010000000000009009335980000000000305000100840000000000920440004000000000009665
001000010000000000009009332980000000000305000100840000000001004090004000000000010543
001000010000000000009009329880000000000305000100840000000000493160004000000000005178
001000010000000000009009322480000000000305000100840000000000439160004000000000004611
001000010000000000009009334380000000000305000100840000000000248000004000000000002604
001000010000000000009009339980000000000305000100840000000000981830004000000000010309
001000010000000000009009322080000000000305000100840000000000688790004000000000007232
001000010000000000009009332180000000000305000100840000000008041120004000000000084432
001000010000000000009009328880000000000305000100840000000000943070004000000000009902
001000010000000000009009325580000000000305000100840000000001598330004000000000016782
001000010000000000009009321180000000000305000100840000000001978190004000000000020771
001000010000000000009009483380000000000305000100840000000001375910004000000000014447
001000010000000000009009483480000000000305000100840000000002010100004000000000021106
001000010000000000009009483580000000000305000100840000000001688980004000000000017734
001000010000000000009009483680000000000305000100840000000001207480004000000000012678
001000010000000000009009487780000000000305000100840000000001704220004000000000017894
001000010000000000009009487880000000000305000100840000000000130780004000000000001373
001000010000000000009009490880000000000305000100840000000001135630004000000000011924
001000010000000000009009491680000000000305000100840000000002352150004000000000024698
001000010000000000009009493080000000000305000100840000000000705870004000000000007412
001000010000000000009009493880000000000305000100840000000001643380004000000000017256
001000010000000000009009494680000000000305000100840000000000796980004000000000008368
001000010000000000009009497280000000000305000100840000000000903020004000000000009482
001000010000000000009009498680000000000305000100840000000000516260004000000000005421
001000010000000000009009499880000000000305000100840000000003383060004000000000035522
001000010000000000009009499980000000000305000100840000000002261000004000000000023740
001000010000000000009009500080000000000305000100840000000000259260004000000000002722
001000010000000000009009500180000000000305000100840000000000873110004000000000009168
001000010000000000009009500280000000000305000100840000000000952470004000000000010001
001000010000000000009009501180000000000305000100840000000000470860004000000000004944
001000010000000000009009502380000000000305000100840000000000420050004000000000004411
001000010000000000009009502480000000000305000100840000000000237210004000000000002491
001000010000000000009009502680000000000305000100840000000000939110004000000000009861
001000010000000000009009504780000000000305000100840000000000659910004000000000006929
001000010000000000009009506280000000000305000100840000000007763000004000000000081511
001000010000000000009009506580000000000305000100840000000000912190004000000000009578
001000010000000000009009506680000000000305000100840000000001546000004000000000016233
001000010000000000009009506780000000000305000100840000000001913430004000000000020091
001000010000000000009009680180000000000305000100840000000001121920004000000000011780
001000010000000000009009680080000000000305000100840000000001684680004000000000017689
001000010000000000009009680280000000000305000100840000000001444390004000000000015166
001000010000000000009009678980000000000305000100840000000000946270004000000000009936
001000010000000000009009680380000000000305000100840000000001513100004000000000015887
001000010000000000009009680480000000000305000100840000000000114980004000000000001207
001000010000000000009009680580000000000305000100840000000001016530004000000000010674
001000010000000000009009678680000000000305000100840000000002132860004000000000022395
001000010000000000009009678880000000000305000100840000000000643140004000000000006753
001000010000000000009009678780000000000305000100840000000001503970004000000000015792
001000010000000000009009677180000000000305000100840000000000732190004000000000007688
001000010000000000009009677080000000000305000100840000000000832450004000000000008741
001000010000000000009009679980000000000305000100840000000000477370004000000000005012
001000010000000000009009679880000000000305000100840000000003128190004000000000032846
001000010000000000009009679780000000000305000100840000000002090680004000000000021952
001000010000000000009009679680000000000305000100840000000000239730004000000000002517
001000010000000000009009679580000000000305000100840000000000807350004000000000008477
001000010000000000009009679480000000000305000100840000000000880720004000000000009248
001000010000000000009009691980000000000305000100840000000000438650004000000000004606
001000010000000000009009688280000000000305000100840000000000392110004000000000004117
001000010000000000009009671880000000000305000100840000000000221440004000000000002325
001000010000000000009009671780000000000305000100840000000000876650004000000000009205
001000010000000000009009688180000000000305000100840000000000617190004000000000006481
001000010000000000009009688080000000000305000100840000000007322690004000000000076888
001000010000000000009009695680000000000305000100840000000000862310004000000000009054
001000010000000000009009695780000000000305000100840000000001461430004000000000015345
001000010000000000009009695880000000000305000100840000000001808750004000000000018992
001000010000000000009009858780000000000305000100840000000001019780004000000000010708
001000010000000000009009858680000000000305000100840000000001598070004000000000016780
001000010000000000009009858880000000000305000100840000000001411120004000000000014817
001000010000000000009009857580000000000305000100840000000000804170004000000000008444
001000010000000000009009858980000000000305000100840000000001555830004000000000016336
001000010000000000009009859080000000000305000100840000000000116680004000000000001225
001000010000000000009009859180000000000305000100840000000001056340004000000000011092
001000010000000000009009857280000000000305000100840000000002251710004000000000023643
001000010000000000009009857480000000000305000100840000000000683400004000000000007176
001000010000000000009009857380000000000305000100840000000001606680004000000000016870
001000010000000000009009855780000000000305000100840000000000785870004000000000008252
001000010000000000009009855680000000000305000100840000000000897160004000000000009420
001000010000000000009009858580000000000305000100840000000000516370004000000000005422
001000010000000000009009858480000000000305000100840000000003383700004000000000035529
001000010000000000009009858380000000000305000100840000000002261430004000000000023745
001000010000000000009009858280000000000305000100840000000000259310004000000000002723
001000010000000000009009858180000000000305000100840000000000873290004000000000009170
001000010000000000009009858080000000000305000100840000000000952660004000000000010003
001000010000000000009009870580000000000305000100840000000000478670004000000000005026
001000010000000000009009866880000000000305000100840000000000428920004000000000004504
001000010000000000009009850480000000000305000100840000000000242220004000000000002543
001000010000000000009009850380000000000305000100840000000000958940004000000000010069
001000010000000000009009866780000000000305000100840000000000676570004000000000007104
001000010000000000009009866680000000000305000100840000000008106980004000000000085123
001000010000000000009009874180000000000305000100840000000000956970004000000000010048
001000010000000000009009874280000000000305000100840000000001621880004000000000017030
001000010000000000009009874380000000000305000100840000000002007340004000000000021077
001000010000000000009010015780000000000305000100840000000000771410004000000000008100
001000010000000000009010015680000000000305000100840000000001289440004000000000013539
001000010000000000009010015880000000000305000100840000000001186030004000000000012453
001000010000000000009010014580000000000305000100840000000000540710004000000000005677
001000010000000000009010015980000000000305000100840000000001394840004000000000014646
001000010000000000009010016080000000000305000100840000000000102980004000000000001081
001000010000000000009010016180000000000305000100840000000000958870004000000000010068
001000010000000000009010014280000000000305000100840000000002081800004000000000021859
001000010000000000009010014480000000000305000100840000000000636250004000000000006681
001000010000000000009010014380000000000305000100840000000001504740004000000000015800
001000010000000000009010012780000000000305000100840000000000739780004000000000007768
001000010000000000009010012680000000000305000100840000000000848310004000000000008907
001000010000000000009010015580000000000305000100840000000000490170004000000000005147
001000010000000000009010015480000000000305000100840000000003212010004000000000033726
001000010000000000009010015380000000000305000100840000000002146690004000000000022540
001000010000000000009010015280000000000305000100840000000000246150004000000000002585
001000010000000000009010015180000000000305000100840000000000828980004000000000008704
001000010000000000009010015080000000000305000100840000000000904320004000000000009495
001000010000000000009010027580000000000305000100840000000000458650004000000000004816
001000010000000000009010023880000000000305000100840000000000412000004000000000004326
001000010000000000009010007480000000000305000100840000000000232660004000000000002443
001000010000000000009010007380000000000305000100840000000000921120004000000000009672
001000010000000000009010023780000000000305000100840000000000651360004000000000006839
001000010000000000009010023680000000000305000100840000000007884600004000000000082788
001000010000000000009010031280000000000305000100840000000000933020004000000000009797
001000010000000000009010031380000000000305000100840000000001581280004000000000016603
001000010000000000009010031480000000000305000100840000000001957100004000000000020550
001000010000000000009010192480000000000305000100840000000000549990004000000000005775
001000010000000000009010192380000000000305000100840000000001026390004000000000010777
001000010000000000009010192580000000000305000100840000000001003170004000000000010533
001000010000000000009010191280000000000305000100840000000000295700004000000000003105
001000010000000000009010192680000000000305000100840000000001284030004000000000013482
001000010000000000009010192780000000000305000100840000000000092960004000000000000976
001000010000000000009010192880000000000305000100840000000000895970004000000000009408
001000010000000000009010190980000000000305000100840000000001987140004000000000020865
001000010000000000009010191180000000000305000100840000000000612120004000000000006427
001000010000000000009010191080000000000305000100840000000001457290004000000000015302
001000010000000000009010189480000000000305000100840000000000720500004000000000007565
001000010000000000009010189380000000000305000100840000000000830220004000000000008717
001000010000000000009010192280000000000305000100840000000000481750004000000000005058
001000010000000000009010192180000000000305000100840000000003156880004000000000033147
001000010000000000009010192080000000000305000100840000000002109850004000000000022153
001000010000000000009010191980000000000305000100840000000000241940004000000000002540
001000010000000000009010191880000000000305000100840000000000814750004000000000008555
001000010000000000009010191780000000000305000100840000000000888800004000000000009332
001000010000000000009010204280000000000305000100840000000000455290004000000000004780
001000010000000000009010200580000000000305000100840000000000410050004000000000004306
001000010000000000009010184180000000000305000100840000000000231560004000000000002431
001000010000000000009010184080000000000305000100840000000000916780004000000000009626
001000010000000000009010200480000000000305000100840000000000649770004000000000006823
001000010000000000009010200380000000000305000100840000000007949300004000000000083468
001000010000000000009010207980000000000305000100840000000000943050004000000000009902
001000010000000000009010208080000000000305000100840000000001598280004000000000016782
001000010000000000009010208180000000000305000100840000000001978140004000000000020771
001000010000000000009010356080000000000305000100840000000000287940004000000000003023
001000010000000000009010356180000000000305000100840000000000670080004000000000007036
001000010000000000009010356280000000000305000100840000000000724040004000000000007602
001000010000000000009010360380000000000305000100840000000001041490004000000000010936
001000010000000000009010360480000000000305000100840000000000073570004000000000000772
001000010000000000009010363580000000000305000100840000000000740140004000000000007772
001000010000000000009010364380000000000305000100840000000001683300004000000000017675
001000010000000000009010365780000000000305000100840000000000523210004000000000005494
001000010000000000009010366580000000000305000100840000000001254920004000000000013177
001000010000000000009010367380000000000305000100840000000000624330004000000000006556
001000010000000000009010369980000000000305000100840000000000723300004000000000007595
001000010000000000009010371380000000000305000100840000000000421630004000000000004427
001000010000000000009010372580000000000305000100840000000002762890004000000000029010
001000010000000000009010372680000000000305000100840000000001846530004000000000019389
001000010000000000009010372780000000000305000100840000000000211740004000000000002223
001000010000000000009010372880000000000305000100840000000000713080004000000000007487
001000010000000000009010372980000000000305000100840000000000777860004000000000008168
001000010000000000009010373880000000000305000100840000000000402730004000000000004229
001000010000000000009010375080000000000305000100840000000000363760004000000000003819
001000010000000000009010375180000000000305000100840000000000205420004000000000002157
001000010000000000009010375380000000000305000100840000000000813230004000000000008539
001000010000000000009010377480000000000305000100840000000000577880004000000000006068
001000010000000000009010378980000000000305000100840000000007146760004000000000075041
001000010000000000009010379280000000000305000100840000000000850030004000000000008925
001000010000000000009010379380000000000305000100840000000001440630004000000000015127
001000010000000000009010379480000000000305000100840000000001783030004000000000018722
001000010000000000009010512580000000000305000100840000000000291690004000000000003063
001000010000000000009010512680000000000305000100840000000000429280004000000000004507
001000010000000000009010512780000000000305000100840000000000788820004000000000008283
001000010000000000009010512880000000000305000100840000000000053240004000000000000559
001000010000000000009010512980000000000305000100840000000000578420004000000000006073
001000010000000000009010513980000000000305000100840000000001369970004000000000014385
001000010000000000009010514180000000000305000100840000000000431780004000000000004534
001000010000000000009010514080000000000305000100840000000001047350004000000000010997
001000010000000000009010508380000000000305000100840000000000525950004000000000005522
001000010000000000009010508280000000000305000100840000000000614070004000000000006448
001000010000000000009010512480000000000305000100840000000000360360004000000000003784
001000010000000000009010512380000000000305000100840000000002361430004000000000024795
001000010000000000009010512280000000000305000100840000000001578220004000000000016571
001000010000000000009010512180000000000305000100840000000000180970004000000000001900
001000010000000000009010513880000000000305000100840000000000609460004000000000006399
001000010000000000009010513780000000000305000100840000000000664850004000000000006981
001000010000000000009010524380000000000305000100840000000000349480004000000000003670
001000010000000000009010520680000000000305000100840000000000316880004000000000003327
001000010000000000009010504680000000000305000100840000000000178950004000000000001879
001000010000000000009010504580000000000305000100840000000000708450004000000000007439
001000010000000000009010520580000000000305000100840000000000505190004000000000005304
001000010000000000009010520480000000000305000100840000000006341640004000000000066587
001000010000000000009010524980000000000305000100840000000000756900004000000000007947
001000010000000000009010525080000000000305000100840000000001282800004000000000013469
001000010000000000009010525180000000000305000100840000000001587680004000000000016671
001000010000000000009010684080000000000305000100840000000000212870004000000000002235
001000010000000000009010684180000000000305000100840000000000625840004000000000006571
001000010000000000009010684280000000000305000100840000000000039600004000000000000416
001000010000000000009010684380000000000305000100840000000000478030004000000000005019
001000010000000000009010685280000000000305000100840000000001188820004000000000012483
001000010000000000009010685480000000000305000100840000000000380630004000000000003997
001000010000000000009010685380000000000305000100840000000000934820004000000000009816
001000010000000000009010680080000000000305000100840000000000474180004000000000004979
001000010000000000009010679980000000000305000100840000000000558250004000000000005862
001000010000000000009010683980000000000305000100840000000000329890004000000000003464
001000010000000000009010683880000000000305000100840000000002161770004000000000022699
001000010000000000009010683780000000000305000100840000000001444780004000000000015170
001000010000000000009010683680000000000305000100840000000000165670004000000000001740
001000010000000000009010685180000000000305000100840000000000557930004000000000005858
001000010000000000009010685080000000000305000100840000000000608630004000000000006391
001000010000000000009010695280000000000305000100840000000000324930004000000000003412
001000010000000000009010691680000000000305000100840000000000295770004000000000003106
001000010000000000009010676380000000000305000100840000000000167030004000000000001754
001000010000000000009010676280000000000305000100840000000000661270004000000000006943
001000010000000000009010691580000000000305000100840000000000473180004000000000004968
001000010000000000009010691480000000000305000100840000000006027180004000000000063285
001000010000000000009010695880000000000305000100840000000000721780004000000000007579
001000010000000000009010695980000000000305000100840000000001223270004000000000012844
001000010000000000009010696080000000000305000100840000000001514000004000000000015897
001000010000000000009010853080000000000305000100840000000000430200004000000000004517
001000010000000000009010853180000000000305000100840000000000024200004000000000000254
001000010000000000009010853280000000000305000100840000000000350500004000000000003680
001000010000000000009010854080000000000305000100840000000000933940004000000000009806
001000010000000000009010854280000000000305000100840000000000305260004000000000003205
001000010000000000009010854180000000000305000100840000000000761600004000000000007997
001000010000000000009010849280000000000305000100840000000000391150004000000000004107
001000010000000000009010849180000000000305000100840000000000465140004000000000004884
001000010000000000009010852980000000000305000100840000000000277160004000000000002910
001000010000000000009010852880000000000305000100840000000001816220004000000000019070
001000010000000000009010852780000000000305000100840000000001213840004000000000012745
001000010000000000009010852680000000000305000100840000000000139190004000000000001461
001000010000000000009010853980000000000305000100840000000000468740004000000000004922
001000010000000000009010853880000000000305000100840000000000511350004000000000005369
001000010000000000009010863680000000000305000100840000000000277950004000000000002918
001000010000000000009010860180000000000305000100840000000000254140004000000000002668
001000010000000000009010845580000000000305000100840000000000143520004000000000001507
001000010000000000009010845480000000000305000100840000000000568190004000000000005966
001000010000000000009010860080000000000305000100840000000000408170004000000000004286
001000010000000000009010859980000000000305000100840000000005283930004000000000055481
001000010000000000009010864280000000000305000100840000000000635070004000000000006668
001000010000000000009010864380000000000305000100840000000001076320004000000000011301
001000010000000000009010864480000000000305000100840000000001332120004000000000013987
001000010000000000009008210080000000000305000100840000000002449150004000000000025716
001000010000000000009008210180000000000305000100840000000003306710004000000000034720
001000010000000000009008210280000000000305000100840000000002606920004000000000027373
001000010000000000009008210380000000000305000100840000000002377020004000000000024959
001000010000000000009008214480000000000305000100840000000002299340004000000000024143
001000010000000000009008214580000000000305000100840000000000183230004000000000001924
001000010000000000009008217680000000000305000100840000000001483140004000000000015573
001000010000000000009008218480000000000305000100840000000002911900004000000000030575
001000010000000000009008219880000000000305000100840000000000854620004000000000008974
001000010000000000009008220680000000000305000100840000000001950550004000000000020481
001000010000000000009008221480000000000305000100840000000000929170004000000000009756
001000010000000000009008224080000000000305000100840000000001035890004000000000010877
001000010000000000009008225480000000000305000100840000000000583590004000000000006128
001000010000000000009008226680000000000305000100840000000003824210004000000000040154
001000010000000000009008226780000000000305000100840000000002555840004000000000026836
001000010000000000009008226880000000000305000100840000000000293070004000000000003077
001000010000000000009008226980000000000305000100840000000000986980004000000000010363
001000010000000000009008227080000000000305000100840000000001076680004000000000011305
001000010000000000009008227980000000000305000100840000000000512900004000000000005385
001000010000000000009008229180000000000305000100840000000000452800004000000000004754
001000010000000000009008229280000000000305000100840000000000255700004000000000002685
001000010000000000009008229480000000000305000100840000000001012320004000000000010629
001000010000000000009008231580000000000305000100840000000000704490004000000000007397
001000010000000000009008233080000000000305000100840000000007916420004000000000083122
001000010000000000009008233380000000000305000100840000000000919320004000000000009653
001000010000000000009008233480000000000305000100840000000001558070004000000000016360
001000010000000000009008233580000000000305000100840000000001928370004000000000020248
001000010000000000009008407780000000000305000100840000000002319880004000000000024359
001000010000000000009008407680000000000305000100840000000003150700004000000000033082
001000010000000000009008407880000000000305000100840000000002496790004000000000026216
001000010000000000009008406580000000000305000100840000000002235930004000000000023477
001000010000000000009008407980000000000305000100840000000002228480004000000000023399
001000010000000000009008408080000000000305000100840000000000176960004000000000001858
001000010000000000009008408180000000000305000100840000000001441830004000000000015139
001000010000000000009008406280000000000305000100840000000002845770004000000000029881
001000010000000000009008406480000000000305000100840000000000837110004000000000008790
001000010000000000009008406380000000000305000100840000000001914540004000000000020103
001000010000000000009008404780000000000305000100840000000000913750004000000000009594
001000010000000000009008404680000000000305000100840000000001020470004000000000010715
001000010000000000009008407580000000000305000100840000000000575820004000000000006046
001000010000000000009008407480000000000305000100840000000003773300004000000000039620
001000010000000000009008407380000000000305000100840000000002521810004000000000026479
001000010000000000009008407280000000000305000100840000000000289170004000000000003036
001000010000000000009008407180000000000305000100840000000000973840004000000000010225
001000010000000000009008407080000000000305000100840000000001062350004000000000011155
001000010000000000009008419480000000000305000100840000000000508160004000000000005336
001000010000000000009008415880000000000305000100840000000000449150004000000000004716
001000010000000000009008399480000000000305000100840000000000253640004000000000002663
001000010000000000009008399380000000000305000100840000000001004170004000000000010544
001000010000000000009008415780000000000305000100840000000000699600004000000000007346
001000010000000000009008415680000000000305000100840000000007903920004000000000082991
001000010000000000009008423280000000000305000100840000000000919180004000000000009651
001000010000000000009008423380000000000305000100840000000001557830004000000000016357
001000010000000000009008423480000000000305000100840000000001928070004000000000020245
001000010000000000009008601280000000000305000100840000000002177480004000000000022864
001000010000000000009008596080000000000305000100840000000002975670004000000000031244
001000010000000000009008590680000000000305000100840000000002370640004000000000024892
001000010000000000009008593880000000000305000100840000000002083040004000000000021872
001000010000000000009008609980000000000305000100840000000002141670004000000000022487
001000010000000000009008608580000000000305000100840000000000169480004000000000001780
001000010000000000009008611580000000000305000100840000000001389970004000000000014595
001000010000000000009008591480000000000305000100840000000002757910004000000000028958
001000010000000000009008597180000000000305000100840000000000813100004000000000008537
001000010000000000009008600880000000000305000100840000000001863420004000000000019566
001000010000000000009008591980000000000305000100840000000000890990004000000000009355
001000010000000000009008602580000000000305000100840000000000996750004000000000010466
001000010000000000009008598780000000000305000100840000000000563330004000000000005915
001000010000000000009008605280000000000305000100840000000003691410004000000000038760
001000010000000000009008595780000000000305000100840000000002467090004000000000025904
001000010000000000009008612280000000000305000100840000000000282890004000000000002970
001000010000000000009008602680000000000305000100840000000000952700004000000000010003
001000010000000000009008593980000000000305000100840000000001039300004000000000010913
001000010000000000009008591080000000000305000100840000000000499130004000000000005241
001000010000000000009008609080000000000305000100840000000000441680004000000000004638
001000010000000000009008598880000000000305000100840000000000249410004000000000002619
001000010000000000009008589180000000000305000100840000000000987470004000000000010368
001000010000000000009008604280000000000305000100840000000000688710004000000000007231
001000010000000000009008599780000000000305000100840000000007820950004000000000082120
001000010000000000009008593380000000000305000100840000000000910760004000000000009563
001000010000000000009008609180000000000305000100840000000001543560004000000000016207
001000010000000000007001029080000000000305000100840000000001910410004000000000020059
001000010000000000007001029180000000000305000100840000000000000000003000000000000000
001000010000000000009008596980000000000305000100840000000002099200004000000000022042
001000010000000000009008607580000000000305000100840000000001753690004000000000018414
001000010000000000009008795280000000000305000100840000000001943550004000000000020407
001000010000000000009008800080000000000305000100840000000002680200004000000000028142
001000010000000000009008799080000000000305000100840000000002151500004000000000022591
001000010000000000009008782180000000000305000100840000000001839150004000000000019311
001000010000000000009008785380000000000305000100840000000001976800004000000000020756
001000010000000000009008788980000000000305000100840000000000155670004000000000001635
001000010000000000009008785480000000000305000100840000000001288460004000000000013529
001000010000000000009008788080000000000305000100840000000002574860004000000000027036
001000010000000000009008801480000000000305000100840000000000761430004000000000007995
001000010000000000009008789680000000000305000100840000000001749770004000000000018373
001000010000000000009008778380000000000305000100840000000000838740004000000000008807
001000010000000000009008779380000000000305000100840000000000940420004000000000009874
001000010000000000009008790180000000000305000100840000000000532580004000000000005592
001000010000000000009008788180000000000305000100840000000003489960004000000000036645
001000010000000000009008801580000000000305000100840000000002332450004000000000024491
001000010000000000009008798580000000000305000100840000000000267450004000000000002808
001000010000000000009008787080000000000305000100840000000000900720004000000000009458
001000010000000000009008786480000000000305000100840000000000982570004000000000010317
001000010000000000009008793780000000000305000100840000000000474380004000000000004981
001000010000000000009008792880000000000305000100840000000000420410004000000000004414
001000010000000000009008781280000000000305000100840000000000237410004000000000002493
001000010000000000009008792280000000000305000100840000000000939910004000000000009869
001000010000000000009008801880000000000305000100840000000000656440004000000000006893
001000010000000000009008784380000000000305000100840000000007504640004000000000078799
001000010000000000009008795380000000000305000100840000000000875440004000000000009192
001000010000000000009008783080000000000305000100840000000001483710004000000000015579
001000010000000000009008777580000000000305000100840000000001836330004000000000019281
001000010000000000009008963480000000000305000100840000000001841350004000000000019334
001000010000000000009008956580000000000305000100840000000002561730004000000000026898
001000010000000000009008949380000000000305000100840000000002071720004000000000021753
001000010000000000009008956080000000000305000100840000000001722910004000000000018091
001000010000000000009008941680000000000305000100840000000001934490004000000000020312
001000010000000000009008960680000000000305000100840000000000151640004000000000001592
001000010000000000009008961180000000000305000100840000000001265950004000000000013292
001000010000000000009008946380000000000305000100840000000002546670004000000000026740
001000010000000000009008963980000000000305000100840000000000755190004000000000007930
001000010000000000009008941180000000000305000100840000000001739760004000000000018267
001000010000000000009008951780000000000305000100840000000000835830004000000000008776
001000010000000000009008948580000000000305000100840000000000939060004000000000009860
001000010000000000009008944680000000000305000100840000000000532790004000000000005594
001000010000000000009008942580000000000305000100840000000003491390004000000000036660
001000010000000000009008959180000000000305000100840000000002333410004000000000024501
001000010000000000009008939080000000000305000100840000000000267560004000000000002809
001000010000000000009008961480000000000305000100840000000000901100004000000000009461
001000010000000000009008958680000000000305000100840000000000982990004000000000010321
001000010000000000009008950780000000000305000100840000000000476820004000000000005007
001000010000000000009008957780000000000305000100840000000000423130004000000000004443
001000010000000000009008957880000000000305000100840000000000238950004000000000002509
001000010000000000009008959480000000000305000100840000000000946000004000000000009933
001000010000000000009008956680000000000305000100840000000000661510004000000000006946
001000010000000000009008955680000000000305000100840000000007607020004000000000079874
001000010000000000009008952680000000000305000100840000000000888730004000000000009332
001000010000000000009008948080000000000305000100840000000001506240004000000000015815
001000010000000000009008957180000000000305000100840000000001864210004000000000019574
001000010000000000009009140480000000000305000100840000000001645880004000000000017282
001000010000000000009009132780000000000305000100840000000002319690004000000000024357
001000010000000000009009134680000000000305000100840000000001895550004000000000019903
001000010000000000009009152280000000000305000100840000000001515550004000000000015913
001000010000000000009009130080000000000305000100840000000001809190004000000000018997
001000010000000000009009139280000000000305000100840000000000140950004000000000001480
001000010000000000009009132180000000000305000100840000000001190240004000000000012497
001000010000000000009009130680000000000305000100840000000002415250004000000000025360
001000010000000000009009151080000000000305000100840000000000718800004000000000007547
001000010000000000009009144680000000000305000100840000000001661260004000000000017443
001000010000000000009009136980000000000305000100840000000000800410004000000000008404
001000010000000000009009139180000000000305000100840000000000901610004000000000009467
001000010000000000009009152880000000000305000100840000000000512780004000000000005384
001000010000000000009009137180000000000305000100840000000003360090004000000000035281
001000010000000000009009135280000000000305000100840000000002245650004000000000023579
001000010000000000009009142080000000000305000100840000000000257510004000000000002704
001000010000000000009009142580000000000305000100840000000000867200004000000000009106
001000010000000000009009140980000000000305000100840000000000946010004000000000009933
001000010000000000009009128780000000000305000100840000000000461610004000000000004847
001000010000000000009009141680000000000305000100840000000000410310004000000000004308
001000010000000000009009132880000000000305000100840000000000231710004000000000002433
001000010000000000009009145080000000000305000100840000000000917360004000000000009632
001000010000000000009009152980000000000305000100840000000000642470004000000000006746
001000010000000000009009153380000000000305000100840000000007441920004000000000078140
001000010000000000009009132280000000000305000100840000000000871070004000000000009146
001000010000000000009009144780000000000305000100840000000001476270004000000000015501
001000010000000000009009149080000000000305000100840000000001827130004000000000019185
