001000010000000000002016070180000000000305000100840000000000302900005000000000006361
001000010000000000002016070280000000000305000100840000000000009100005000000000000191
001000010000000000002016070380000000000305000100840000000006148400005000000000129116
001000010000000000002016070480000000000305000084540000000000000880004000000000000009
001000170000000000000000787680000000000305334935600000000006479340005000000000136066
001000170000000000000000785580000000000305334935600000000000353540005000000000007424
001000170000000000000000785480000000000305334935600000000000141340005000000000002968
001000170000000000000000765480000000000305334935600000000002034710005000000000042729
001000170000000000000000803280000000000305334935600000000011983470005000000000251653
001000040000000000000000456080000000000201045138250000000000171070005000000000003592
001000040000000000000000464080000000000201045138250000000000057020005000000000001197
001000040000000000000000505180000000000201045138250000000000435170005000000000009138
001000040000000000000000489880000000000201045138250000000000138080005000000000002900
001000040000000000000000487380000000000201045138250000000001114830005000000000023411
001000040000000000000000521580000000000201045138250000000001047900005000000000022006
001000020000000000000001466480000000000307130450000000000000825250004000000000008665
001000020000000000000001466580000000000307130450000000000000825250004000000000008665
001000020000000000000001422480000000000307130450000000000000973790004000000000010225
001000070000000000000002283980000000000307000670210000000000806810005000000000016943
001001010000000000000029676580000000000306906336350000000000664830006000000000017950
001000200000000000000001717580000000000305786541820000000001859550005000000000039051
001000140000000000000000082580000000000306906461840000000005329750005000000000111925
001000320000000000000000818680000000000200441749020000000023730000005000000000498330
001000150000000000000002489980000000000305433658460000000000302460005000000000006352
001000140000000000000003017280000000000305433658460000000000369840005000000000007767
001000140000000000000002790180000000000305433658460000000000211690005000000000004445
001000140000000000000001516680000000000307077461880000000000064540005000000000001355
001000150000000000000006840980000000000307077461880000000000122390005000000000002570
001000080000000000000005166480000000000306906705140000000000136360005000000000002863
001000080000000000000004885980000000000306906705140000000000068170005000000000001432
001000080000000000000004932980000000000306906705140000000000136360005000000000002863
001000090000000000000000189780000000000306906705140000000000136360005000000000002863
001000080000000000000005000780000000000306906705140000000000136360005000000000002863
001000080000000000000005209480000000000306906705140000000000136360005000000000002863
001000080000000000000004948980000000000306906705140000000000068170005000000000001432
001000080000000000000004959380000000000306906705140000000000068170005000000000001432
001000210000000000000001084380000000000307000782870000000000064540005000000000001355
001000210000000000000001132380000000000307000782870000000000322710005000000000006777
001000340000000000000000797380000000000306442263590000000000066470005000000000001396
001000070000000000000004096180000000000307092930830000000000200560005000000000004212
001000410000000000000015579480000000000306906582630000000000063260005000000000001329
001000070000000000000003829180000000000307085302940000000000279620005000000000005872
001000040000000000000000546380000000000201045138250000000001605400005000000000033713
001000040000000000000000615180000000000201045138250000000000086660005000000000001820
001000040000000000000000606980000000000201045138250000000000342360005000000000007190
001000040000000000000000606180000000000201045138250000000000416360005000000000008743
001000040000000000000000592480000000000201045138250000000001624890005000000000034123
001000040000000000000000546980000000000201045138250000000003093360005000000000064960
001000040000000000000000586780000000000201045138250000000003267980005000000000068627
001000040000000000000000529180000000000201045138250000000000646730005000000000013581
001000040000000000000000529280000000000201045138250000000000677260005000000000014223
001000040000000000000000529580000000000201045138250000000001061390005000000000022289
001000070000000000000003434780000000000306906746410000000000160000005000000000003360
001000070000000000000003434880000000000306906746410000000000160000005000000000003360
001000070000000000000003431880000000000306906746410000000000160000005000000000003360
001000070000000000000003431080000000000306906746410000000000160000005000000000003360
001000070000000000000003429380000000000306906746410000000000160000005000000000003360
001000070000000000000002357280000000000305334935600000000000250000005000000000005250
001000170000000000000000812280000000000305334935600000000001254130005000000000026337
001000170000000000000000811980000000000305334935600000000001509920005000000000031708
001018810000000000000001376680000000000305903607630000000009990330005000000000209797
001018880000000000000002220880000000000305903607630000000003424890004000000000035961
001018850000000000000002322580000000000305903607630000000000644130005000000000013527
001000030000000000000000295080000000000307123774250000000001983470005000000000041653
