00600002000000000000000098480000000000991740005000000000020826
00600002000000000000000098490000000000818180005000000000017182
00600002000000000000000098500000000002190080005000000000045992
00600002000000000000000098510000000000371900005000000000007810
00600002000000000000000098520000000002024790005000000000042521
00600002000000000000000098530000000001719010005000000000036099
00600002000000000000000098540000000000661160005000000000013884
00600002000000000000000098550000000000227270005000000000004773
00600002000000000000000098560000000000578510005000000000012149
00600002000000000000000098570000000000371900005000000000007810
00600002000000000000000098580000000000557850005000000000011715
00600002000000000000000098590000000000322310005000000000006769
00600002000000000000000098600000000000429750005000000000009025
00600002000000000000000098610000000000888430005000000000018657
00600002000000000000000098620000000000909090005000000000019091
00600002000000000000000098630000000001057850005000000000022215
00600002000000000000000098640000000000297520005000000000006248
00600002000000000000000098650000000001074380005000000000022562
00600002000000000000000098660000000000206610005000000000004339
00600002000000000000000098670000000000247930005000000000005207
00600002000000000000000098680000000001632230005000000000034277
00600002000000000000000098690000000000805790005000000000016921
00600002000000000000000098700000000000487600005000000000010240
00600002000000000000000098710000000001818180005000000000038182
00600002000000000000000098720000000000086780005000000000001822
00600002000000000000000098730000000000289260005000000000006074
00600002000000000000000098740000000000603310005000000000012669
00600002000000000000000098750000000000322310005000000000006769
00600002000000000000000098760000000000289260005000000000006074
00600002000000000000000098770000000000396690005000000000008331
00600002000000000000000098780000000000487600005000000000010240
00600002000000000000000098790000000001045450005000000000021955
00600002000000000000000098800000000000396690005000000000008331
00600002000000000000000098810000000000330580005000000000006942
00600002000000000000000098820000000000392560005000000000008244
00600002000000000000000098830000000000247930005000000000005207
00600002000000000000000098840000000004132230005000000000086777
00600002000000000000000098850000000000330580005000000000006942
00600002000000000000000098860000000000429750005000000000009025
00600002000000000000000098870000000000487600005000000000010240
00600002000000000000000098880000000000557850005000000000011715
00600002000000000000000098890000000000702480005000000000014752
00600002000000000000000098900000000000570250005000000000011975
00600002000000000000000098910000000000694210005000000000014579
00600002000000000000000098920000000000330580005000000000006942
00600002000000000000000098930000000000557850005000000000011715
00600002000000000000000098940000000000495870005000000000010413
00600002000000000000000098950000000000330580005000000000006942
00600002000000000000000098960000000000557850005000000000011715
00600002000000000000000098970000000000735540005000000000015446
00600002000000000000000098980000000001396690005000000000029331
00600002000000000000000098990000000003557850005000000000074715
00600002000000000000000099000000000003842980005000000000080702
00600002000000000000000099010000000004074380005000000000085562
00600002000000000000000099020000000004103310005000000000086169
00600002000000000000000099030000000001363640005000000000028636
00600002000000000000000099040000000001396690005000000000029331
00600002000000000000000099050000000000487600005000000000010240
00600002000000000000000099060000000000818180005000000000017182
00600002000000000000000099070000000000900830005000000000018917
00600002000000000000000099080000000000371900005000000000007810
00600002000000000000000099090000000001818180005000000000038182
00600002000000000000000099100000000000570250005000000000011975
00600002000000000000000099110000000000247930005000000000005207
00600002000000000000000099120000000000371900005000000000007810
00600002000000000000000099130000000000578510005000000000012149
00600002000000000000000099140000000000818180005000000000017182
00600002000000000000000099150000000000537190005000000000011281
00600002000000000000000099160000000000404960005000000000008504
00600002000000000000000099170000000000950410005000000000019959
00600002000000000000000099180000000000272730005000000000005727
00600002000000000000000099190000000001760330005000000000036967
00600002000000000000000099200000000000818180005000000000017182
00600002000000000000000099210000000000619830005000000000013017
00600002000000000000000099220000000001066120005000000000022388
00600002000000000000000099230000000000404960005000000000008504
00600002000000000000000099240000000000785120005000000000016488
00600002000000000000000099250000000002148760005000000000045124
00600002000000000000000099260000000000392560005000000000008244
00600002000000000000000099270000000000396690005000000000008331
00600002000000000000000099280000000000888430005000000000018657
00600002000000000000000099290000000001053720005000000000022128
00600002000000000000000099300000000000392560005000000000008244
00600002000000000000000099310000000000297520005000000000006248
00600002000000000000000099320000000000983470005000000000020653
00600002000000000000000099330000000002272730005000000000047727
00600002000000000000000099340000000000247930005000000000005207
00600002000000000000000099350000000000495870005000000000010413
00600002000000000000000099360000000000371900005000000000007810
00600002000000000000000099370000000000289260005000000000006074
00600002000000000000000099380000000000247930005000000000005207
00600002000000000000000099390000000000413220005000000000008678
00600002000000000000000099400000000001140500005000000000023950
00600002000000000000000099410000000000859500005000000000018050
00600002000000000000000099420000000000144630005000000000003037
00600002000000000000000099430000000000826450005000000000017355
00600002000000000000000099440000000001074380005000000000022562
00600002000000000000000099450000000000702480005000000000014752
00600002000000000000000099460000000002636360005000000000055364
00600002000000000000000099470000000000743800005000000000015620
00600002000000000000000099480000000000702480005000000000014752
00600002000000000000000099490000000000888430005000000000018657
00600002000000000000000099500000000000537190005000000000011281
00600002000000000000000099510000000000735540005000000000015446
00600002000000000000000099520000000000330580005000000000006942
00600002000000000000000099530000000001644630005000000000034537
00600002000000000000000099540000000000702480005000000000014752
00600002000000000000000099550000000001396690005000000000029331
00600002000000000000000099560000000000735540005000000000015446
00600002000000000000000099570000000000537190005000000000011281
00600002000000000000000099580000000001876030005000000000039397
00600002000000000000000099590000000001417360005000000000029764
00600002000000000000000099600000000001429750005000000000030025
00600002000000000000000099610000000000702480005000000000014752
00600002000000000000000099620000000000247930005000000000005207
00600002000000000000000099630000000000396690005000000000008331
00600002000000000000000099640000000002231400005000000000046860
00600002000000000000000099650000000000809920005000000000017008
00600002000000000000000099660000000000735540005000000000015446
00600002000000000000000099670000000004103310005000000000086169
00600002000000000000000099680000000004107440005000000000086256
00600002000000000000000099690000000003814050005000000000080095
00600002000000000000000099700000000000404960005000000000008504
00600002000000000000000099710000000000702480005000000000014752
00600002000000000000000099720000000000371900005000000000007810
00600002000000000000000099730000000000247930005000000000005207
00600002000000000000000099740000000000826450005000000000017355
00600002000000000000000099770000000001115700005000000000023430
00600002000000000000000099780000000001198350005000000000025165
00600002000000000000000099790000000000652890005000000000013711
00600002000000000000000099800000000000438020005000000000009198
00600002000000000000000099810000000000876030005000000000018397
00600002000000000000000099820000000000099170005000000000002083
00600002000000000000000099830000000001462810005000000000030719
00600002000000000000000099840000000000392560005000000000008244
00600002000000000000000099850000000000404960005000000000008504
00600002000000000000000099860000000002471070005000000000051893
00600002000000000000000099870000000000330580005000000000006942
00600002000000000000000099880000000004132230005000000000086777
00600002000000000000000099890000000001900830005000000000039917
00600002000000000000000099900000000000247930005000000000005207
00600002000000000000000099910000000000818180005000000000017182
00600002000000000000000099920000000000495870005000000000010413
00600002000000000000000099930000000000727270005000000000015273
00600002000000000000000099940000000000652890005000000000013711
00600002000000000000000099950000000000644630005000000000013537
00600002000000000000000099960000000002471070005000000000051893
00600002000000000000000099970000000000409090005000000000008591
00600002000000000000000099980000000000409090005000000000008591
00600002000000000000000099990000000000735540005000000000015446
00600002000000000000000100000000000000322310005000000000006769
00600002000000000000000100010000000001066120005000000000022388
00600002000000000000000100020000000001363640005000000000028636
00600002000000000000000100030000000000702480005000000000014752
00600002000000000000000100040000000001438020005000000000030198
00600002000000000000000100050000000000413220005000000000008678
00600002000000000000000099760000000001735540005000000000036446
00600002000000000000000100060000000000433880005000000000009112
00600002000000000000000100070000000002132230005000000000044777
00600002000000000000000100080000000001677690005000000000035231
00600002000000000000000100090000000003917360005000000000082264
00600002000000000000000100100000000002851240005000000000059876
00600002000000000000000100110000000000867770005000000000018223
00600002000000000000000100120000000000537190005000000000011281
00600002000000000000000100130000000000661160005000000000013884
00600002000000000000000100150000000000570250005000000000011975
00600002000000000000000100160000000000371900005000000000007810
00600002000000000000000100170000000001487600005000000000031240
00600002000000000000000100180000000000991740005000000000020826
00600002000000000000000100190000000000289260005000000000006074
00600002000000000000000100200000000000297520005000000000006248
00600002000000000000000100210000000001685950005000000000035405
00600002000000000000000100220000000000735540005000000000015446
00600002000000000000000100230000000001115700005000000000023430
00600002000000000000000100240000000000652890005000000000013711
00600002000000000000000100250000000001148760005000000000024124
00600002000000000000000100260000000001314050005000000000027595
00600002000000000000000100270000000001512400005000000000031760
00600002000000000000000100280000000000082640005000000000001736
00600002000000000000000100290000000000396690005000000000008331
00600002000000000000000100300000000000371900005000000000007810
00600002000000000000000100310000000000570250005000000000011975
00600002000000000000000100320000000000900830005000000000018917
00600002000000000000000100330000000000528930005000000000011107
00600002000000000000000100340000000000818180005000000000017182
00600002000000000000000100350000000000735540005000000000015446
00600002000000000000000100360000000000454550005000000000009545
00600002000000000000000100370000000000413220005000000000008678
00600002000000000000000100380000000000826450005000000000017355
00600002000000000000000100390000000000975210005000000000020479
00600002000000000000000100400000000000826450005000000000017355
00600002000000000000000100410000000000413220005000000000008678
00600002000000000000000100420000000001487600005000000000031240
00600002000000000000000100430000000000413220005000000000008678
00600002000000000000000100440000000000735540005000000000015446
00600002000000000000000100450000000000735540005000000000015446
00600002000000000000000100460000000001239670005000000000026033
00600002000000000000000100470000000003028930005000000000063607
00600002000000000000000100480000000000392560005000000000008244
00600002000000000000000100490000000002066120005000000000043388
00600002000000000000000100500000000000677690005000000000014231
00600002000000000000000100510000000000057850005000000000001215
00600002000000000000000100520000000000475210005000000000009979
00600002000000000000000100530000000000247930005000000000005207
00600002000000000000000100540000000003842980005000000000080702
00600002000000000000000100550000000003765290005000000000079071
00600002000000000000000100560000000000702480005000000000014752
00600002000000000000000100570000000002260330005000000000047467
00600002000000000000000100580000000001024790005000000000021521
00600002000000000000000100590000000000942150005000000000019785
00600002000000000000000100600000000000330580005000000000006942
00600002000000000000000100610000000000818180005000000000017182
00600002000000000000000100620000000000735540005000000000015446
00600002000000000000000100630000000001471070005000000000030893
00600002000000000000000100640000000000735540005000000000015446
00600002000000000000000100650000000000396690005000000000008331
00600002000000000000000100660000000000371900005000000000007810
00600002000000000000000100670000000000206610005000000000004339
00600002000000000000000100680000000000322310005000000000006769
00600002000000000000000100690000000000735540005000000000015446
00600002000000000000000100700000000001115700005000000000023430
00600002000000000000000100710000000000487600005000000000010240
00600002000000000000000100720000000000322310005000000000006769
00600002000000000000000100730000000001198350005000000000025165
00600002000000000000000100740000000000644630005000000000013537
00600002000000000000000100750000000000735540005000000000015446
00600002000000000000000100760000000001157020005000000000024298
00600002000000000000000100780000000000206610005000000000004339
00600002000000000000000100790000000000735540005000000000015446
00600002000000000000000100800000000000735540005000000000015446
00600002000000000000000100810000000000735540005000000000015446
00600002000000000000000100820000000000388430005000000000008157
00600002000000000000000100830000000000247930005000000000005207
00600002000000000000000100840000000000330580005000000000006942
00600002000000000000000100850000000000487600005000000000010240
00600002000000000000000100860000000000826450005000000000017355
00600002000000000000000100870000000001272730005000000000026727
00600002000000000000000100890000000000355370005000000000007463
00600002000000000000000100900000000000735540005000000000015446
00600002000000000000000100910000000000735540005000000000015446
00600002000000000000000100920000000000371900005000000000007810
00600002000000000000000100930000000003636360005000000000076364
00600002000000000000000100940000000002293390005000000000048161
00600002000000000000000100950000000003066120005000000000064388
00600002000000000000000100960000000000429750005000000000009025
00600002000000000000000100770000000000983470005000000000020653
00600002000000000000000100880000000001066120005000000000022388
00600002000000000000000100970000000001438020005000000000030198
00600002000000000000000100980000000003049590005000000000064041
00600002000000000000000100990000000000247930005000000000005207
00600002000000000000000101000000000000516530005000000000010847
00600002000000000000000101010000000000528930005000000000011107
00600002000000000000000101020000000000165290005000000000003471
00600002000000000000000101030000000000991740005000000000020826
00600002000000000000000101040000000000900830005000000000018917
00600002000000000000000101050000000000983470005000000000020653
00600002000000000000000101060000000000404960005000000000008504
00600002000000000000000101070000000000793390005000000000016661
00600002000000000000000101080000000000743800005000000000015620
00600002000000000000000101090000000001123970005000000000023603
00600002000000000000000101100000000002338840005000000000049116
00600002000000000000000101110000000000776860005000000000016314
00600002000000000000000101120000000002628100005000000000055190
00600002000000000000000101130000000000309920005000000000006508
00600002000000000000000101140000000001396690005000000000029331
00600002000000000000000101150000000000867770005000000000018223
00100002000000000000000000680000000000909090005000000000019091
00600002000000000000000101160000000000735540005000000000015446
00600002000000000000000101170000000001809920005000000000038008
00600002000000000000000101180000000000404960005000000000008504
00600002000000000000000101190000000000404960005000000000008504
00600002000000000000000101200000000000165290005000000000003471
00600002000000000000000101210000000001727270005000000000036273
00600002000000000000000101220000000001198350005000000000025165
00600002000000000000000101230000000002066120005000000000043388
00600002000000000000000101240000000000611570005000000000012843
00600002000000000000000101250000000001148760005000000000024124
00600002000000000000000101260000000000495870005000000000010413
00600002000000000000000101270000000000818180005000000000017182
00600002000000000000000101280000000000735540005000000000015446
00600002000000000000000101290000000000413220005000000000008678
00600002000000000000000101300000000000570250005000000000011975
00600002000000000000000101310000000000818180005000000000017182
00600002000000000000000101320000000000867770005000000000018223
00600002000000000000000101330000000000247930005000000000005207
00600002000000000000000101340000000003657020005000000000076798
00600002000000000000000101350000000000247930005000000000005207
00600002000000000000000101360000000001239670005000000000026033
00600002000000000000000101370000000000735540005000000000015446
00600002000000000000000101380000000000743800005000000000015620
00600002000000000000000101390000000001066120005000000000022388
00600002000000000000000101400000000000371900005000000000007810
00600002000000000000000101410000000000371900005000000000007810
00600002000000000000000101420000000000289260005000000000006074
00600002000000000000000101430000000000851240005000000000017876
00600002000000000000000101440000000000735540005000000000015446
00600002000000000000000101450000000000570250005000000000011975
00600002000000000000000101460000000000454550005000000000009545
00600002000000000000000101470000000000371900005000000000007810
00600002000000000000000101480000000000371900005000000000007810
00600002000000000000000101490000000000743800005000000000015620
00600002000000000000000101500000000000950410005000000000019959
00600002000000000000000101510000000000454550005000000000009545
00600002000000000000000101520000000000165290005000000000003471
00600002000000000000000101530000000000371900005000000000007810
00600002000000000000000101540000000000206610005000000000004339
00600002000000000000000101550000000001115700005000000000023430
00600002000000000000000101560000000000735540005000000000015446
00600002000000000000000101570000000000826450005000000000017355
00600002000000000000000101580000000000962810005000000000020219
00600002000000000000000101590000000001355370005000000000028463
00600002000000000000000101600000000000735540005000000000015446
00600002000000000000000101620000000000504130005000000000010587
00600002000000000000000101630000000000206610005000000000004339
00600002000000000000000101640000000000735540005000000000015446
00600002000000000000000101650000000000371900005000000000007810
00600002000000000000000101660000000002508260005000000000052674
00600002000000000000000101670000000002677690005000000000056231
00600002000000000000000101680000000002673550005000000000056145
00600002000000000000000101690000000001066120005000000000022388
00600002000000000000000101700000000001611570005000000000033843
00600002000000000000000101710000000000454550005000000000009545
00600002000000000000000101720000000000735540005000000000015446
00600002000000000000000101730000000001322310005000000000027769
00600002000000000000000101740000000000330580005000000000006942
00600002000000000000000101610000000003264460005000000000068554
00600002000000000000000101750000000000619830005000000000013017
00600002000000000000000101760000000000735540005000000000015446
00600002000000000000000101770000000001210740005000000000025426
00600002000000000000000101780000000001471070005000000000030893
00600002000000000000000101790000000000603310005000000000012669
00600002000000000000000101800000000000289260005000000000006074
00600002000000000000000101810000000000991740005000000000020826
00600002000000000000000101820000000000983470005000000000020653
00600002000000000000000101830000000001066120005000000000022388
00600002000000000000000101840000000000962810005000000000020219
00600002000000000000000101850000000001280990005000000000026901
00600002000000000000000101860000000000487600005000000000010240
00600002000000000000000101870000000001438020005000000000030198
00600002000000000000000101880000000000330580005000000000006942
00600002000000000000000101890000000000867770005000000000018223
00600002000000000000000101900000000000603310005000000000012669
00600002000000000000000101910000000000330580005000000000006942
00600002000000000000000101920000000003070250005000000000064475
00600002000000000000000101930000000000247930005000000000005207
00600002000000000000000101940000000001553720005000000000032628
00600002000000000000000101950000000000289260005000000000006074
00600002000000000000000101960000000000322310005000000000006769
00600002000000000000000101970000000000570250005000000000011975
00600002000000000000000101980000000001028930005000000000021607
00600002000000000000000101990000000000818180005000000000017182
00600002000000000000000102000000000000347110005000000000007289
00600002000000000000000102010000000000392560005000000000008244
00600002000000000000000102020000000000322310005000000000006769
00600002000000000000000102030000000000371900005000000000007810
00600002000000000000000102040000000000454550005000000000009545
00600002000000000000000102050000000000487600005000000000010240
00600002000000000000000102060000000003305790005000000000069421
00600002000000000000000102070000000000818180005000000000017182
00600002000000000000000102080000000001272730005000000000026727
00600002000000000000000102090000000000396690005000000000008331
00600002000000000000000102100000000000239670005000000000005033
00600002000000000000000102110000000000619830005000000000013017
00600002000000000000000102120000000000371900005000000000007810
00600002000000000000000102130000000001066120005000000000022388
00600002000000000000000102140000000001074380005000000000022562
00600002000000000000000102150000000000487600005000000000010240
00600002000000000000000102160000000001756200005000000000036880
00600002000000000000000102170000000000991740005000000000020826
00600002000000000000000102180000000000669420005000000000014058
00600002000000000000000102190000000000247930005000000000005207
00600002000000000000000102200000000000595040005000000000012496
00100002000000000000000000690000000000123970005000000000002603
00600002000000000000000102210000000000685950005000000000014405
00600002000000000000000102220000000001458680005000000000030632
00600002000000000000000102230000000000247930005000000000005207
00600002000000000000000102240000000000983470005000000000020653
00600002000000000000000102250000000004132230005000000000086777
00600002000000000000000102260000000001115700005000000000023430
00600002000000000000000102270000000000289260005000000000006074
00600002000000000000000102280000000000413220005000000000008678
00600002000000000000000102290000000000123970005000000000002603
00600002000000000000000102300000000000818180005000000000017182
00600002000000000000000102310000000000404960005000000000008504
00600002000000000000000102320000000001458680005000000000030632
00600002000000000000000102330000000000355370005000000000007463
00600002000000000000000102340000000000537190005000000000011281
00600002000000000000000102350000000001107440005000000000023256
00600002000000000000000102360000000000785120005000000000016488
00600002000000000000000102370000000000247930005000000000005207
00600002000000000000000102380000000000595040005000000000012496
00600002000000000000000102390000000000611570005000000000012843
00600002000000000000000102400000000000735540005000000000015446
00600002000000000000000102410000000000652890005000000000013711
00600002000000000000000102420000000001033060005000000000021694
00600002000000000000000102450000000000685950005000000000014405
00600002000000000000000102460000000000570250005000000000011975
00600002000000000000000102470000000000404960005000000000008504
00600002000000000000000102480000000000826450005000000000017355
00600002000000000000000102490000000000495870005000000000010413
00600002000000000000000102500000000000900830005000000000018917
00600002000000000000000102510000000001520660005000000000031934
00600002000000000000000102520000000000330580005000000000006942
00600002000000000000000102530000000000652890005000000000013711
00600002000000000000000102540000000000247930005000000000005207
00600002000000000000000102550000000003975210005000000000083479
00600002000000000000000102560000000004103310005000000000086169
00600002000000000000000102570000000004132230005000000000086777
00600002000000000000000102580000000004041320005000000000084868
00600002000000000000000102590000000002471070005000000000051893
00600002000000000000000102600000000002727270005000000000057273
00600002000000000000000102610000000002380170005000000000049983
00600002000000000000000102620000000000413220005000000000008678
00600002000000000000000102630000000001545450005000000000032455
00600002000000000000000102640000000000396690005000000000008331
00600002000000000000000102650000000000818180005000000000017182
00600002000000000000000102660000000000330580005000000000006942
00600002000000000000000102670000000001157020005000000000024298
00600002000000000000000102680000000000818180005000000000017182
00600002000000000000000102690000000000413220005000000000008678
00600002000000000000000102700000000000578510005000000000012149
00600002000000000000000102710000000000371900005000000000007810
00600002000000000000000102720000000000247930005000000000005207
00600002000000000000000102730000000001347110005000000000028289
00600002000000000000000102740000000000991740005000000000020826
00600002000000000000000102750000000000487600005000000000010240
00600002000000000000000102760000000000392560005000000000008244
00600002000000000000000102770000000001033060005000000000021694
00600002000000000000000102780000000000454550005000000000009545
00600002000000000000000102790000000000661160005000000000013884
00600002000000000000000102800000000000702480005000000000014752
00600002000000000000000102810000000000247930005000000000005207
00600002000000000000000102820000000000330580005000000000006942
00600002000000000000000102830000000000404960005000000000008504
00600002000000000000000102840000000000392560005000000000008244
00600002000000000000000102850000000000392560005000000000008244
00600002000000000000000102860000000000351240005000000000007376
00600002000000000000000102870000000000619830005000000000013017
00600002000000000000000102880000000000326450005000000000006855
00600002000000000000000102890000000000239670005000000000005033
00600002000000000000000102900000000000743800005000000000015620
00600002000000000000000102910000000000983470005000000000020653
00600002000000000000000102920000000000619830005000000000013017
00600002000000000000000102930000000000933880005000000000019612
00600002000000000000000102940000000000892560005000000000018744
00600002000000000000000102950000000000247930005000000000005207
00600002000000000000000102960000000000619830005000000000013017
00600002000000000000000102970000000003578510005000000000075149
00600002000000000000000102980000000000433880005000000000009112
00600002000000000000000102990000000000888430005000000000018657
00600002000000000000000103000000000000909090005000000000019091
00600002000000000000000103010000000001057850005000000000022215
00600002000000000000000103020000000001239670005000000000026033
00600002000000000000000103030000000000404960005000000000008504
00600002000000000000000103040000000001239670005000000000026033
00600002000000000000000103050000000001239670005000000000026033
00600002000000000000000103060000000004012400005000000000084260
00600002000000000000000103070000000001107440005000000000023256
00600002000000000000000103080000000000371900005000000000007810
00600002000000000000000103090000000000619830005000000000013017
00600002000000000000000103100000000000392560005000000000008244
00600002000000000000000103110000000000950410005000000000019959
00600002000000000000000103120000000000289260005000000000006074
00600002000000000000000103130000000000289260005000000000006074
00600002000000000000000103140000000000322310005000000000006769
00600002000000000000000103150000000000487600005000000000010240
00600002000000000000000103160000000000413220005000000000008678
00600002000000000000000103170000000001818180005000000000038182
00600002000000000000000103180000000002462810005000000000051719
00600002000000000000000103190000000000475210005000000000009979
00600002000000000000000103200000000000392560005000000000008244
00600002000000000000000103210000000000669420005000000000014058
00600002000000000000000103220000000000454550005000000000009545
00600002000000000000000103230000000000818180005000000000017182
00600002000000000000000103240000000000599170005000000000012583
00600002000000000000000103250000000000933880005000000000019612
00100002000000000000000000700000000000392560005000000000008244
00600002000000000000000103260000000000570250005000000000011975
00600002000000000000000103270000000000272730005000000000005727
00600002000000000000000103280000000001239670005000000000026033
00600002000000000000000103290000000000371900005000000000007810
00600002000000000000000103300000000000619830005000000000013017
00600002000000000000000103310000000002933880005000000000061612
00600002000000000000000103320000000000268600005000000000005640
00600002000000000000000103330000000000652890005000000000013711
00600002000000000000000103340000000000330580005000000000006942
00600002000000000000000103350000000000652890005000000000013711
00600002000000000000000103360000000000818180005000000000017182
00600002000000000000000103370000000000392560005000000000008244
00600002000000000000000103380000000000289260005000000000006074
00600002000000000000000103390000000001066120005000000000022388
00600002000000000000000103400000000001338840005000000000028116
00600002000000000000000103410000000001239670005000000000026033
00600002000000000000000103420000000000545450005000000000011455
00600002000000000000000103430000000000371900005000000000007810
00600002000000000000000103440000000000735540005000000000015446
00600002000000000000000103450000000001024790005000000000021521
00600002000000000000000103460000000000619830005000000000013017
00600002000000000000000103470000000001231400005000000000025860
00600002000000000000000103480000000000181820005000000000003818
00600002000000000000000103490000000001561980005000000000032802
00600002000000000000000103500000000000702480005000000000014752
00600002000000000000000103510000000000247930005000000000005207
00600002000000000000000103520000000000702480005000000000014752
00600002000000000000000103530000000000661160005000000000013884
00600002000000000000000103540000000000404960005000000000008504
00600002000000000000000103550000000000570250005000000000011975
00600002000000000000000103560000000001404960005000000000029504
00600002000000000000000103570000000000735540005000000000015446
00600002000000000000000103580000000000818180005000000000017182
00600002000000000000000103590000000001347110005000000000028289
00600002000000000000000103600000000000495870005000000000010413
00600002000000000000000103610000000003305790005000000000069421
00600002000000000000000103620000000001376030005000000000028897
00600002000000000000000103630000000000247930005000000000005207
00600002000000000000000103640000000001570250005000000000032975
00600002000000000000000103650000000002090910005000000000043909
00600002000000000000000103660000000000735540005000000000015446
00600002000000000000000103670000000000735540005000000000015446
00600002000000000000000103680000000000847110005000000000017789
00600002000000000000000103690000000000371900005000000000007810
00600002000000000000000103700000000001801650005000000000037835
00600002000000000000000103710000000000487600005000000000010240
00600002000000000000000103720000000000933880005000000000019612
00600002000000000000000103730000000000735540005000000000015446
00600002000000000000000103740000000000818180005000000000017182
00600002000000000000000103750000000000289260005000000000006074
00600002000000000000000103760000000000818180005000000000017182
00600002000000000000000103770000000000396690005000000000008331
00600002000000000000000103780000000001074380005000000000022562
00600002000000000000000103790000000000247930005000000000005207
00600002000000000000000103800000000000330580005000000000006942
00600002000000000000000103810000000000867770005000000000018223
00600002000000000000000103820000000004057850005000000000085215
00600002000000000000000103830000000004128100005000000000086690
00600002000000000000000103840000000004049590005000000000085041
00600002000000000000000103850000000003239670005000000000068033
00600002000000000000000103860000000002388430005000000000050157
00600002000000000000000103870000000000735540005000000000015446
00600002000000000000000103880000000000867770005000000000018223
00600002000000000000000103890000000000867770005000000000018223
00600002000000000000000103900000000000247930005000000000005207
00600002000000000000000103910000000001024790005000000000021521
00600002000000000000000103920000000000867770005000000000018223
00600002000000000000000103930000000000578510005000000000012149
00600002000000000000000103940000000000702480005000000000014752
00600002000000000000000103950000000000640500005000000000013450
00600002000000000000000103960000000000475210005000000000009979
00600002000000000000000103970000000000475210005000000000009979
00600002000000000000000103980000000000330580005000000000006942
00600002000000000000000103990000000000818180005000000000017182
00600002000000000000000104000000000001061980005000000000022302
00600002000000000000000104010000000000537190005000000000011281
00600002000000000000000104020000000002479340005000000000052066
00600002000000000000000104030000000000404960005000000000008504
00600002000000000000000104040000000000991740005000000000020826
00600002000000000000000104050000000000818180005000000000017182
00600002000000000000000104060000000000413220005000000000008678
00600002000000000000000104070000000000413220005000000000008678
00600002000000000000000104080000000000371900005000000000007810
00600002000000000000000104090000000000206610005000000000004339
00600002000000000000000104100000000000537190005000000000011281
00600002000000000000000104110000000000909090005000000000019091
00600002000000000000000104120000000000392560005000000000008244
00600002000000000000000104130000000000396690005000000000008331
00600002000000000000000104160000000000247930005000000000005207
00600002000000000000000104170000000001024790005000000000021521
00600002000000000000000104180000000000611570005000000000012843
00600002000000000000000104190000000002479340005000000000052066
00600002000000000000000104200000000001644630005000000000034537
00600002000000000000000104210000000000289260005000000000006074
00600002000000000000000104220000000001851240005000000000038876
00600002000000000000000104230000000001301650005000000000027335
00600002000000000000000104240000000002272730005000000000047727
00600002000000000000000104150000000002214880005000000000046512
00600002000000000000000104250000000000743800005000000000015620
00600002000000000000000104260000000000330580005000000000006942
00600002000000000000000104270000000000157020005000000000003298
00600002000000000000000104280000000000330580005000000000006942
00600002000000000000000104290000000000735540005000000000015446
00600002000000000000000104300000000000735540005000000000015446
00600002000000000000000104310000000001983470005000000000041653
00600002000000000000000104320000000000487600005000000000010240
00600002000000000000000104330000000000309920005000000000006508
00600002000000000000000104340000000000888430005000000000018657
00600002000000000000000104350000000000206610005000000000004339
00600002000000000000000104360000000000367770005000000000007723
00600002000000000000000104370000000002033060005000000000042694
00600002000000000000000104380000000001611570005000000000033843
00600002000000000000000104390000000000413220005000000000008678
00600002000000000000000104400000000003578510005000000000075149
00600002000000000000000104410000000001388430005000000000029157
00600002000000000000000104420000000002231400005000000000046860
00600002000000000000000104430000000000929750005000000000019525
00600002000000000000000104440000000001400830005000000000029417
00600002000000000000000104450000000000735540005000000000015446
00600002000000000000000104460000000000289260005000000000006074
00600002000000000000000104470000000000619830005000000000013017
00600002000000000000000104480000000000495870005000000000010413
00600002000000000000000104490000000000392560005000000000008244
00600002000000000000000104500000000000495870005000000000010413
00600002000000000000000104510000000000351240005000000000007376
00600002000000000000000104520000000000991740005000000000020826
00600002000000000000000104530000000000330580005000000000006942
00600002000000000000000104540000000000404960005000000000008504
00600002000000000000000104550000000000289260005000000000006074
00600002000000000000000104560000000000194210005000000000004079
00600002000000000000000104570000000001223140005000000000025686
00600002000000000000000104580000000000247930005000000000005207
00600002000000000000000104590000000000619830005000000000013017
00600002000000000000000104600000000000867770005000000000018223
00100002000000000000000000710000000000578510005000000000012149
00600002000000000000000104610000000001776860005000000000037314
00600002000000000000000104620000000001355370005000000000028463
00600002000000000000000104630000000000247930005000000000005207
00600002000000000000000104640000000001066120005000000000022388
00600002000000000000000104650000000000355370005000000000007463
00600002000000000000000104660000000000735540005000000000015446
00600002000000000000000104670000000002495870005000000000052413
00600002000000000000000104680000000000818180005000000000017182
00600002000000000000000104690000000000652890005000000000013711
00600002000000000000000104700000000000735540005000000000015446
00600002000000000000000104710000000000247930005000000000005207
00600002000000000000000104720000000000330580005000000000006942
00600002000000000000000104730000000001157020005000000000024298
00600002000000000000000104740000000000735540005000000000015446
00600002000000000000000104750000000000409090005000000000008591
00600002000000000000000104760000000000409090005000000000008591
00600002000000000000000104770000000003429750005000000000072025
00600002000000000000000104780000000000661160005000000000013884
00600002000000000000000104790000000000942150005000000000019785
00600002000000000000000104800000000000818180005000000000017182
00600002000000000000000104810000000001611570005000000000033843
00600002000000000000000104820000000001074380005000000000022562
00600002000000000000000104830000000000140500005000000000002950
00600002000000000000000104840000000000809920005000000000017008
00600002000000000000000104850000000000495870005000000000010413
00600002000000000000000104860000000000330580005000000000006942
00600002000000000000000104870000000001066120005000000000022388
00600002000000000000000104880000000001033060005000000000021694
00600002000000000000000104900000000001252070005000000000026293
00600002000000000000000104910000000000487600005000000000010240
00600002000000000000000104920000000001140500005000000000023950
