001000010000000000002016060180000000000305000084540000000000308370005000000000006476
001000010000000000002016060380000000000305000084540000000000217160005000000000004560
001000010000000000002016060280000000000305000100840000000000071280005000000000001497
001000390000000000000000382880000000000336042038190000000004913660005000000000103187
001059250000000000000000260480000000000306873104340000000000616340005000000000012943
001059280000000000000000154680000000000306873104340000000001214130005000000000025497
001018730000000000000001424180000000000305903607630000000000735540005000000000015446
001018910000000000000002134180000000000305903607630000000000748900005000000000015727
001000580000000000000000380680000000000200507684310000000000688830005000000000014465
001000920000000000000000149580000000000307000821010000000001420080005000000000029822
001000920000000000111111149580000000000307000821010000000000266890004000000000002802
001000920000000000000000146680000000000307000821010000000002064270005000000000043350
001000920000000000111111146680000000000307000821010000000001316350004000000000013822
001000210000000000000004901280000000000307083345920000000000339940005000000000007139
001000210000000000000004849680000000000307083345920000000000339940005000000000007139
001000210000000000000004729480000000000307083345920000000000135980005000000000002855
001000210000000000000004759980000000000307083345920000000000339940005000000000007139
001000210000000000000004666280000000000307083345920000000000885220005000000000018590
001000210000000000000004689980000000000307083345920000000000904230005000000000018989
001000080000000000000000519380000000000307117942860000000001626720005000000000034161
