00600002000000000000000109200000000000652890005000000000013711
00600002000000000000000109210000000000685950005000000000014405
00600002000000000000000109220000000000247930005000000000005207
00600002000000000000000109230000000001487600005000000000031240
00600002000000000000000109240000000000785120005000000000016488
00600002000000000000000109250000000000735540005000000000015446
00600002000000000000000109260000000000950410005000000000019959
00600002000000000000000109270000000001115700005000000000023430
00600002000000000000000109280000000001487600005000000000031240
00600002000000000000000109290000000000528930005000000000011107
00600002000000000000000109300000000001376030005000000000028897
00600002000000000000000109310000000000392560005000000000008244
00600002000000000000000109320000000001033060005000000000021694
00600002000000000000000109330000000000289260005000000000006074
00600002000000000000000109340000000001396690005000000000029331
00600002000000000000000109350000000000392560005000000000008244
00600002000000000000000109360000000001066120005000000000022388
00600002000000000000000109370000000001446280005000000000030372
00600002000000000000000109380000000000289260005000000000006074
00600002000000000000000109390000000001388430005000000000029157
00600002000000000000000109400000000000652890005000000000013711
00600002000000000000000109410000000000661160005000000000013884
00600002000000000000000109420000000000735540005000000000015446
00600002000000000000000109430000000001528930005000000000032107
00600002000000000000000109440000000000818180005000000000017182
00600002000000000000000109450000000000702480005000000000014752
00600002000000000000000109460000000000330580005000000000006942
00600002000000000000000109470000000000330580005000000000006942
00600002000000000000000109480000000001561980005000000000032802
00600002000000000000000109490000000001115700005000000000023430
00600002000000000000000109500000000001033060005000000000021694
00600002000000000000000109510000000000487600005000000000010240
00600002000000000000000109520000000000735540005000000000015446
00600002000000000000000109530000000001735540005000000000036446
00600002000000000000000109540000000000392560005000000000008244
00600002000000000000000109550000000000289260005000000000006074
00600002000000000000000109560000000000619830005000000000013017
00600002000000000000000109570000000000247930005000000000005207
00600002000000000000000109580000000000392560005000000000008244
00600002000000000000000109590000000001396690005000000000029331
00600002000000000000000109600000000003946280005000000000082872
00600002000000000000000109610000000000454550005000000000009545
00600002000000000000000109620000000001198350005000000000025165
00600002000000000000000109630000000000735540005000000000015446
00600002000000000000000109640000000001396690005000000000029331
00600002000000000000000109650000000000289260005000000000006074
00600002000000000000000109660000000001322310005000000000027769
00600002000000000000000109670000000000735540005000000000015446
00600002000000000000000109680000000000289260005000000000006074
00600002000000000000000109690000000000371900005000000000007810
00600002000000000000000109700000000000206610005000000000004339
00600002000000000000000109710000000000942150005000000000019785
00600002000000000000000109720000000000735540005000000000015446
00600002000000000000000109730000000000780990005000000000016401
00600002000000000000000109740000000001322310005000000000027769
00600002000000000000000109750000000000363640005000000000007636
00600002000000000000000109760000000000818180005000000000017182
00600002000000000000000109770000000001652890005000000000034711
00600002000000000000000109780000000001520660005000000000031934
00600002000000000000000109790000000001107440005000000000023256
00600002000000000000000109800000000001024790005000000000021521
00600002000000000000000109810000000000867770005000000000018223
00600002000000000000000109820000000000413220005000000000008678
00600002000000000000000109830000000000392560005000000000008244
00600002000000000000000109840000000000247930005000000000005207
00600002000000000000000109850000000000247930005000000000005207
00600002000000000000000109860000000000652890005000000000013711
00600002000000000000000109870000000001301650005000000000027335
00600002000000000000000109880000000000396690005000000000008331
00600002000000000000000109890000000000495870005000000000010413
00600002000000000000000109900000000001632230005000000000034277
00600002000000000000000109910000000000826450005000000000017355
00600002000000000000000109920000000000500000005000000000010500
00600002000000000000000109930000000000392560005000000000008244
00600002000000000000000109940000000000392560005000000000008244
00600002000000000000000109950000000000785120005000000000016488
00600002000000000000000109960000000000371900005000000000007810
00600002000000000000000109970000000001239670005000000000026033
00600002000000000000000109980000000000735540005000000000015446
00600002000000000000000109990000000000330580005000000000006942
00600002000000000000000110000000000001033060005000000000021694
00600002000000000000000110010000000001198350005000000000025165
00600002000000000000000110020000000000371900005000000000007810
00600002000000000000000110030000000001809920005000000000038008
00600002000000000000000110040000000003884300005000000000081570
00600002000000000000000110050000000000495870005000000000010413
00600002000000000000000110060000000000144630005000000000003037
00600002000000000000000110070000000000643800005000000000013520
00600002000000000000000110080000000000785120005000000000016488
00600002000000000000000110090000000000247930005000000000005207
00600002000000000000000110100000000000950410005000000000019959
00600002000000000000000110110000000000661160005000000000013884
00600002000000000000000110120000000000611570005000000000012843
00600002000000000000000110130000000000702480005000000000014752
00600002000000000000000110140000000001280990005000000000026901
00600002000000000000000110150000000000702480005000000000014752
00600002000000000000000110160000000000681820005000000000014318
00600002000000000000000110170000000001636360005000000000034364
00600002000000000000000110180000000000392560005000000000008244
00600002000000000000000110190000000000735540005000000000015446
00600002000000000000000110200000000000247930005000000000005207
00600002000000000000000110210000000000487600005000000000010240
00600002000000000000000110220000000001446280005000000000030372
00600002000000000000000110230000000000867770005000000000018223
00600002000000000000000110240000000000735540005000000000015446
00600002000000000000000110250000000000148760005000000000003124
00600002000000000000000110260000000000326450005000000000006855
00600002000000000000000110270000000000086780005000000000001822
00600002000000000000000110280000000001396690005000000000029331
00600002000000000000000110290000000000247930005000000000005207
00600002000000000000000110300000000000247930005000000000005207
00600002000000000000000110310000000000289260005000000000006074
00600002000000000000000110320000000000165290005000000000003471
00600002000000000000000110330000000000475210005000000000009979
00600002000000000000000110340000000000322310005000000000006769
00600002000000000000000110350000000000714880005000000000015012
00600002000000000000000110360000000000950410005000000000019959
00600002000000000000000110370000000000392560005000000000008244
00600002000000000000000110380000000001148760005000000000024124
00600002000000000000000110390000000002206610005000000000046339
00600002000000000000000110400000000000818180005000000000017182
00600002000000000000000110410000000001033060005000000000021694
00600002000000000000000110420000000000652890005000000000013711
00600002000000000000000110430000000000793390005000000000016661
00600002000000000000000110440000000002206610005000000000046339
00600002000000000000000110450000000002520660005000000000052934
00600002000000000000000110460000000001652890005000000000034711
00600002000000000000000110470000000000785120005000000000016488
00600002000000000000000110480000000000388430005000000000008157
00600002000000000000000110490000000000330580005000000000006942
00600002000000000000000110500000000000371900005000000000007810
00600002000000000000000110510000000000570250005000000000011975
00600002000000000000000110520000000000351240005000000000007376
00600002000000000000000110530000000000305790005000000000006421
00600002000000000000000110540000000000392560005000000000008244
00600002000000000000000110550000000000330580005000000000006942
00600002000000000000000110560000000000392560005000000000008244
00600002000000000000000110570000000000433880005000000000009112
00600002000000000000000110580000000000330580005000000000006942
00600002000000000000000110590000000000227270005000000000004773
00600002000000000000000110600000000001272730005000000000026727
00600002000000000000000110610000000000619830005000000000013017
00600002000000000000000110620000000001644630005000000000034537
00600002000000000000000110630000000000392560005000000000008244
00600002000000000000000110640000000000735540005000000000015446
00600002000000000000000110650000000000289260005000000000006074
00600002000000000000000110660000000000206610005000000000004339
00600002000000000000000110670000000001239670005000000000026033
00600002000000000000000110680000000000570250005000000000011975
00600002000000000000000110690000000000322310005000000000006769
00600002000000000000000110700000000000785120005000000000016488
00600002000000000000000110710000000001446280005000000000030372
00600002000000000000000110720000000000322310005000000000006769
00600002000000000000000110730000000001239670005000000000026033
00600002000000000000000110860000000000661160005000000000013884
00600002000000000000000110870000000003595040005000000000075496
00600002000000000000000110740000000000272730005000000000005727
00600002000000000000000110750000000000578510005000000000012149
00600002000000000000000110760000000001727270005000000000036273
00600002000000000000000110770000000000330580005000000000006942
00600002000000000000000110780000000000983470005000000000020653
00600002000000000000000110790000000001818180005000000000038182
00600002000000000000000110800000000000289260005000000000006074
00600002000000000000000110810000000001471070005000000000030893
00600002000000000000000110820000000000371900005000000000007810
00600002000000000000000110830000000000289260005000000000006074
00600002000000000000000110840000000000322310005000000000006769
00600002000000000000000110850000000000247930005000000000005207
00600002000000000000000110880000000002066120005000000000043388
00600002000000000000000110890000000000661160005000000000013884
00600002000000000000000110900000000000206610005000000000004339
00600002000000000000000110910000000001128100005000000000023690
00600002000000000000000110920000000000322310005000000000006769
00600002000000000000000110930000000000322310005000000000006769
00600002000000000000000110940000000000950410005000000000019959
00600002000000000000000110950000000000950410005000000000019959
00600002000000000000000110960000000000041320005000000000000868
00600002000000000000000110970000000000351240005000000000007376
00600002000000000000000110980000000000231400005000000000004860
00600002000000000000000110990000000000991740005000000000020826
00600002000000000000000111000000000000206610005000000000004339
00600002000000000000000111010000000000785120005000000000016488
00600002000000000000000111020000000001471070005000000000030893
00600002000000000000000111030000000000640500005000000000013450
00600002000000000000000111040000000000925620005000000000019438
00600002000000000000000111050000000000702480005000000000014752
00600002000000000000000111060000000000495870005000000000010413
00600002000000000000000111070000000000735540005000000000015446
00600002000000000000000111080000000000289260005000000000006074
00600002000000000000000111090000000000371900005000000000007810
00600002000000000000000111100000000000371900005000000000007810
00600002000000000000000111110000000001033060005000000000021694
00600002000000000000000111120000000001033060005000000000021694
00600002000000000000000111130000000000330580005000000000006942
00600002000000000000000111140000000000735540005000000000015446
00600002000000000000000111150000000000867770005000000000018223
00600002000000000000000111170000000000206610005000000000004339
00600002000000000000000111180000000000785120005000000000016488
00600002000000000000000111190000000002768600005000000000058140
00600002000000000000000111200000000000392560005000000000008244
00600002000000000000000111210000000001549590005000000000032541
00600002000000000000000111220000000000818180005000000000017182
00600002000000000000000111230000000000495870005000000000010413
00600002000000000000000111240000000002206610005000000000046339
00600002000000000000000111250000000000289260005000000000006074
00600002000000000000000111260000000002479340005000000000052066
00600002000000000000000111270000000000099170005000000000002083
00600002000000000000000111280000000000826450005000000000017355
00600002000000000000000111290000000000454550005000000000009545
00600002000000000000000111300000000001033060005000000000021694
00600002000000000000000111310000000000578510005000000000012149
00600002000000000000000111320000000000818180005000000000017182
00600002000000000000000111330000000001074380005000000000022562
00600002000000000000000111350000000000570250005000000000011975
00600002000000000000000111360000000000826450005000000000017355
00600002000000000000000111370000000000392560005000000000008244
00600002000000000000000111380000000003107440005000000000065256
00600002000000000000000111390000000003033060005000000000063694
00600002000000000000000111400000000003884300005000000000081570
00600002000000000000000111410000000003181820005000000000066818
00600002000000000000000111420000000002479340005000000000052066
00600002000000000000000111430000000000735540005000000000015446
00600002000000000000000111440000000000247930005000000000005207
00600002000000000000000111450000000001272730005000000000026727
00600002000000000000000111460000000000289260005000000000006074
00600002000000000000000111470000000000479340005000000000010066
00600002000000000000000111480000000000702480005000000000014752
00600002000000000000000111490000000000144630005000000000003037
00600002000000000000000111500000000001198350005000000000025165
00600002000000000000000111510000000000652890005000000000013711
00600002000000000000000111520000000000082640005000000000001736
00600002000000000000000111530000000000991740005000000000020826
00600002000000000000000111540000000000735540005000000000015446
00600002000000000000000111550000000000818180005000000000017182
00600002000000000000000111560000000000735540005000000000015446
00600002000000000000000111570000000000661160005000000000013884
00600002000000000000000111580000000000247930005000000000005207
00600002000000000000000111590000000000247930005000000000005207
00600002000000000000000111600000000000578510005000000000012149
00600002000000000000000111610000000000413220005000000000008678
00600002000000000000000111620000000000289260005000000000006074
00600002000000000000000111630000000000206610005000000000004339
00600002000000000000000111640000000000735540005000000000015446
00600002000000000000000111650000000000991740005000000000020826
00600002000000000000000111660000000001280990005000000000026901
00600002000000000000000111670000000000322310005000000000006769
00600002000000000000000111680000000000735540005000000000015446
00600002000000000000000111690000000000809920005000000000017008
00600002000000000000000111700000000001545450005000000000032455
00600002000000000000000111710000000001033060005000000000021694
00600002000000000000000111720000000000578510005000000000012149
00600002000000000000000111730000000002272730005000000000047727
00600002000000000000000111740000000000371900005000000000007810
00600002000000000000000111750000000000537190005000000000011281
00600002000000000000000111760000000000950410005000000000019959
00600002000000000000000111770000000000371900005000000000007810
00600002000000000000000111780000000000537190005000000000011281
00600002000000000000000111790000000000396690005000000000008331
00600002000000000000000111800000000000483470005000000000010153
00600002000000000000000111810000000000847110005000000000017789
00600002000000000000000111820000000001966940005000000000041306
00600002000000000000000111830000000002706610005000000000056839
00600002000000000000000111840000000003388430005000000000071157
00600002000000000000000111850000000003057850005000000000064215
00600002000000000000000111860000000003946280005000000000082872
00600002000000000000000111870000000000396690005000000000008331
00600002000000000000000111880000000000206610005000000000004339
00600002000000000000000111890000000000619830005000000000013017
00600002000000000000000111900000000001735540005000000000036446
00600002000000000000000111910000000002876030005000000000060397
00600002000000000000000111920000000000227270005000000000004773
00600002000000000000000111930000000002851240005000000000059876
00600002000000000000000111940000000000392560005000000000008244
00600002000000000000000111950000000001975210005000000000041479
00600002000000000000000111960000000001636360005000000000034364
00600002000000000000000111970000000000322310005000000000006769
00600002000000000000000111980000000000396690005000000000008331
00600002000000000000000111990000000000396690005000000000008331
00600002000000000000000112000000000001157020005000000000024298
00600002000000000000000112010000000001809920005000000000038008
00600002000000000000000112020000000000735540005000000000015446
00600002000000000000000112030000000000322310005000000000006769
00600002000000000000000112040000000000537190005000000000011281
00600002000000000000000112050000000000735540005000000000015446
00600002000000000000000112070000000001074380005000000000022562
00600002000000000000000112080000000000206610005000000000004339
00600002000000000000000112090000000000570250005000000000011975
00600002000000000000000112100000000000305790005000000000006421
00600002000000000000000112110000000000578510005000000000012149
00600002000000000000000112120000000000239670005000000000005033
00600002000000000000000112130000000000611570005000000000012843
00600002000000000000000112140000000000495870005000000000010413
00600002000000000000000112150000000001033060005000000000021694
00600002000000000000000112160000000000404960005000000000008504
00600002000000000000000112170000000001033060005000000000021694
00600002000000000000000112180000000001280990005000000000026901
00600002000000000000000112190000000000818180005000000000017182
00600002000000000000000112200000000001198350005000000000025165
00600002000000000000000112210000000000735540005000000000015446
00600002000000000000000112220000000000818180005000000000017182
00600002000000000000000112230000000000309920005000000000006508
00600002000000000000000112240000000000425620005000000000008938
00600002000000000000000112250000000000619830005000000000013017
00600002000000000000000112260000000001471070005000000000030893
00600002000000000000000112270000000001694210005000000000035579
00600002000000000000000112280000000001921490005000000000040351
00600002000000000000000112290000000000475210005000000000009979
00600002000000000000000112300000000000413220005000000000008678
00600002000000000000000112310000000001280990005000000000026901
00600002000000000000000112320000000000198350005000000000004165
00600002000000000000000112330000000000392560005000000000008244
00600002000000000000000112340000000000652890005000000000013711
00600002000000000000000112350000000000735540005000000000015446
00600002000000000000000112360000000000735540005000000000015446
00600002000000000000000112370000000000247930005000000000005207
00600002000000000000000112380000000000247930005000000000005207
00600002000000000000000112390000000000247930005000000000005207
00600002000000000000000112400000000000322310005000000000006769
00600002000000000000000112410000000000103310005000000000002169
00600002000000000000000112420000000000123970005000000000002603
00600002000000000000000112430000000000495870005000000000010413
00600002000000000000000112440000000000652890005000000000013711
00600002000000000000000112460000000001338840005000000000028116
00600002000000000000000112470000000004008260005000000000084174
00600002000000000000000112480000000000206610005000000000004339
00600002000000000000000112490000000001714880005000000000036012
00600002000000000000000112500000000000826450005000000000017355
00600002000000000000000112510000000000619830005000000000013017
00600002000000000000000112520000000002479340005000000000052066
00600002000000000000000112530000000002479340005000000000052066
00600002000000000000000112540000000001280990005000000000026901
00600002000000000000000112550000000001280990005000000000026901
00600002000000000000000112560000000001033060005000000000021694
00600002000000000000000112570000000000247930005000000000005207
00600002000000000000000112580000000000297520005000000000006248
00600002000000000000000112590000000000206610005000000000004339
00600002000000000000000112600000000000495870005000000000010413
00600002000000000000000112610000000000495870005000000000010413
00600002000000000000000112620000000001066120005000000000022388
00600002000000000000000112630000000000000010005000000000000000
00600002000000000000000112640000000000818180005000000000017182
00600002000000000000000112650000000000289260005000000000006074
00600002000000000000000112660000000000289260005000000000006074
00600002000000000000000112670000000000454550005000000000009545
00600002000000000000000112680000000000818180005000000000017182
00600002000000000000000112690000000003925620005000000000082438
00600002000000000000000112700000000000537190005000000000011281
00600002000000000000000112710000000001045450005000000000021955
00600002000000000000000112720000000000202480005000000000004252
00600002000000000000000112730000000000652890005000000000013711
00600002000000000000000112740000000001727270005000000000036273
00600002000000000000000112750000000001024790005000000000021521
00600002000000000000000112760000000000206610005000000000004339
00600002000000000000000112770000000003181820005000000000066818
00600002000000000000000112780000000000735540005000000000015446
00600002000000000000000112790000000000652890005000000000013711
00600002000000000000000112800000000000851240005000000000017876
00600002000000000000000112810000000000206610005000000000004339
00600002000000000000000112820000000000942150005000000000019785
00600002000000000000000112830000000000165290005000000000003471
00600002000000000000000112840000000000516530005000000000010847
00600002000000000000000112850000000000392560005000000000008244
00600002000000000000000112860000000000371900005000000000007810
00600002000000000000000112870000000000454550005000000000009545
00600002000000000000000112880000000003252070005000000000068293
00600002000000000000000112890000000000371900005000000000007810
00600002000000000000000112900000000000537190005000000000011281
00600002000000000000000112910000000000371900005000000000007810
00600002000000000000000112920000000000330580005000000000006942
00600002000000000000000112930000000000392560005000000000008244
00600002000000000000000112940000000002066120005000000000043388
00600002000000000000000112950000000000396690005000000000008331
00600002000000000000000112960000000000330580005000000000006942
00600002000000000000000112970000000000239670005000000000005033
00600002000000000000000112980000000000322310005000000000006769
00600002000000000000000112990000000001099170005000000000023083
00600002000000000000000113000000000001272730005000000000026727
00600002000000000000000113010000000002231400005000000000046860
00600002000000000000000113020000000002231400005000000000046860
00600002000000000000000113030000000000785120005000000000016488
00600002000000000000000113040000000000247930005000000000005207
00600002000000000000000113050000000000640500005000000000013450
00600002000000000000000113060000000002892560005000000000060744
00600002000000000000000113070000000000404960005000000000008504
00600002000000000000000113080000000000392560005000000000008244
00600002000000000000000113090000000000165290005000000000003471
00600002000000000000000113100000000000735540005000000000015446
00600002000000000000000113110000000000735540005000000000015446
00600002000000000000000113120000000000206610005000000000004339
00600002000000000000000113130000000000537190005000000000011281
00600002000000000000000113140000000000735540005000000000015446
00600002000000000000000113150000000000735540005000000000015446
00600002000000000000000113160000000002066120005000000000043388
00600002000000000000000113170000000000735540005000000000015446
00600002000000000000000113180000000002231400005000000000046860
00600002000000000000000113190000000002231400005000000000046860
00600002000000000000000113200000000001987600005000000000041740
00600002000000000000000113210000000000652890005000000000013711
00600002000000000000000113220000000001396690005000000000029331
00600002000000000000000113230000000000247930005000000000005207
00100002000000000000000000750000000001033060005000000000021694
00600002000000000000000113240000000000396690005000000000008331
00600002000000000000000113250000000000570250005000000000011975
00600002000000000000000113260000000000495870005000000000010413
00600002000000000000000113270000000000578510005000000000012149
00600002000000000000000113280000000001652890005000000000034711
00600002000000000000000113290000000000867770005000000000018223
00600002000000000000000113300000000001471070005000000000030893
00600002000000000000000113310000000000214880005000000000004512
00600002000000000000000113320000000000330580005000000000006942
00600002000000000000000113330000000001280990005000000000026901
00600002000000000000000113340000000000247930005000000000005207
00600002000000000000000113350000000000619830005000000000013017
00600002000000000000000113360000000000681820005000000000014318
00600002000000000000000113370000000001528930005000000000032107
00600002000000000000000113380000000001396690005000000000029331
00600002000000000000000113390000000000454550005000000000009545
00600002000000000000000113400000000000247930005000000000005207
00600002000000000000000113410000000000371900005000000000007810
00600002000000000000000113420000000000157020005000000000003298
00600002000000000000000113430000000001355370005000000000028463
00600002000000000000000113440000000001280990005000000000026901
00600002000000000000000113450000000000289260005000000000006074
00600002000000000000000113460000000000206610005000000000004339
00600002000000000000000113470000000001074380005000000000022562
00600002000000000000000113480000000004008260005000000000084174
00600002000000000000000113490000000002851240005000000000059876
00600002000000000000000113500000000002231400005000000000046860
00600002000000000000000113510000000001842980005000000000038702
00600002000000000000000113520000000000826450005000000000017355
00600002000000000000000113530000000000909090005000000000019091
00600002000000000000000113540000000001983470005000000000041653
00600002000000000000000113550000000000396690005000000000008331
00600002000000000000000113560000000001024790005000000000021521
00600002000000000000000113570000000000330580005000000000006942
00600002000000000000000113580000000001396690005000000000029331
00600002000000000000000113590000000000570250005000000000011975
00600002000000000000000113600000000000433880005000000000009112
00600002000000000000000113610000000000640500005000000000013450
00600002000000000000000113620000000001198350005000000000025165
00600002000000000000000113630000000001033060005000000000021694
00600002000000000000000113640000000000247930005000000000005207
00600002000000000000000113650000000000247930005000000000005207
00600002000000000000000113660000000000272730005000000000005727
00600002000000000000000113670000000000702480005000000000014752
00600002000000000000000113680000000000743800005000000000015620
00600002000000000000000113690000000001016530005000000000021347
00600002000000000000000113700000000001388430005000000000029157
00600002000000000000000113710000000000396690005000000000008331
00600002000000000000000113720000000001314050005000000000027595
00600002000000000000000113730000000000826450005000000000017355
00600002000000000000000113740000000000396690005000000000008331
00600002000000000000000113750000000001280990005000000000026901
00600002000000000000000113760000000000429750005000000000009025
00600002000000000000000113770000000001768600005000000000037140
00600002000000000000000113780000000000495870005000000000010413
00600002000000000000000113790000000001280990005000000000026901
00600002000000000000000113800000000001280990005000000000026901
00600002000000000000000113810000000000900830005000000000018917
00600002000000000000000113820000000000735540005000000000015446
00600002000000000000000113830000000001314050005000000000027595
00600002000000000000000113840000000000396690005000000000008331
00600002000000000000000113850000000000371900005000000000007810
00600002000000000000000113860000000000371900005000000000007810
00600002000000000000000113870000000001157020005000000000024298
00600002000000000000000113880000000000702480005000000000014752
00600002000000000000000113890000000000735540005000000000015446
00600002000000000000000113900000000000735540005000000000015446
00600002000000000000000113910000000000247930005000000000005207
00600002000000000000000113920000000000413220005000000000008678
00600002000000000000000113930000000000330580005000000000006942
00600002000000000000000113940000000000578510005000000000012149
00600002000000000000000113950000000001396690005000000000029331
00600002000000000000000113960000000001818180005000000000038182
00600002000000000000000113970000000001115700005000000000023430
00600002000000000000000113980000000002272730005000000000047727
00600002000000000000000113990000000000454550005000000000009545
00600002000000000000000114000000000001148760005000000000024124
00600002000000000000000114010000000000818180005000000000017182
00600002000000000000000114020000000000743800005000000000015620
00600002000000000000000114030000000002066120005000000000043388
00600002000000000000000114040000000001148760005000000000024124
00600002000000000000000114050000000000619830005000000000013017
00600002000000000000000114060000000000371900005000000000007810
00600002000000000000000114070000000001148760005000000000024124
00600002000000000000000114080000000001033060005000000000021694
00600002000000000000000114090000000000867770005000000000018223
00600002000000000000000114100000000001198350005000000000025165
00600002000000000000000114110000000000495870005000000000010413
00600002000000000000000114120000000000371900005000000000007810
00600002000000000000000114130000000000438020005000000000009198
00600002000000000000000114140000000000404960005000000000008504
00600002000000000000000114150000000000735540005000000000015446
00600002000000000000000114160000000000322310005000000000006769
00600002000000000000000114170000000000392560005000000000008244
00600002000000000000000114180000000001851240005000000000038876
00600002000000000000000114190000000000735540005000000000015446
00600002000000000000000114200000000000801650005000000000016835
00600002000000000000000114210000000000735540005000000000015446
00600002000000000000000114220000000000289260005000000000006074
00600002000000000000000114250000000001789260005000000000037574
00600002000000000000000114260000000001752070005000000000036793
00600002000000000000000114270000000000247930005000000000005207
00600002000000000000000114280000000000392560005000000000008244
00600002000000000000000114290000000000396690005000000000008331
00600002000000000000000114300000000000429750005000000000009025
00600002000000000000000114310000000000570250005000000000011975
00600002000000000000000114320000000000330580005000000000006942
00600002000000000000000114330000000000611570005000000000012843
00600002000000000000000114340000000003553720005000000000074628
00600002000000000000000114350000000001371900005000000000028810
00600002000000000000000114360000000000735540005000000000015446
00600002000000000000000114370000000000950410005000000000019959
00600002000000000000000114380000000001198350005000000000025165
00600002000000000000000114390000000000962810005000000000020219
00600002000000000000000114400000000001033060005000000000021694
00600002000000000000000114410000000000322310005000000000006769
00600002000000000000000114420000000001231400005000000000025860
00600002000000000000000114430000000000619830005000000000013017
00600002000000000000000114440000000000074380005000000000001562
00600002000000000000000114450000000000619830005000000000013017
00600002000000000000000114460000000000619830005000000000013017
00600002000000000000000114470000000000454550005000000000009545
00600002000000000000000114480000000000206610005000000000004339
00600002000000000000000114490000000000735540005000000000015446
00600002000000000000000114500000000001322310005000000000027769
00600002000000000000000114510000000000661160005000000000013884
00600002000000000000000114520000000000900830005000000000018917
00600002000000000000000114530000000000404960005000000000008504
00600002000000000000000114540000000000289260005000000000006074
00600002000000000000000114550000000000785120005000000000016488
00600002000000000000000114560000000000785120005000000000016488
00600002000000000000000114570000000000735540005000000000015446
00600002000000000000000114580000000000289260005000000000006074
00600002000000000000000114590000000000371900005000000000007810
00600002000000000000000114600000000000578510005000000000012149
00600002000000000000000114610000000000371900005000000000007810
00600002000000000000000114620000000000735540005000000000015446
00600002000000000000000114630000000000619830005000000000013017
00600002000000000000000114640000000000537190005000000000011281
00600002000000000000000114650000000001983470005000000000041653
00600002000000000000000114660000000000991740005000000000020826
00600002000000000000000114670000000001028930005000000000021607
00600002000000000000000114680000000001028930005000000000021607
00600002000000000000000114690000000000330580005000000000006942
00600002000000000000000114700000000000603310005000000000012669
00600002000000000000000114710000000000619830005000000000013017
00600002000000000000000114720000000000818180005000000000017182
00600002000000000000000114730000000000735540005000000000015446
00600002000000000000000114740000000000392560005000000000008244
00600002000000000000000114750000000001280990005000000000026901
00600002000000000000000114760000000000371900005000000000007810
00600002000000000000000114770000000000371900005000000000007810
00600002000000000000000114780000000000082640005000000000001736
00600002000000000000000114790000000000243800005000000000005120
00600002000000000000000114800000000001479340005000000000031066
00600002000000000000000114810000000001148760005000000000024124
00600002000000000000000114820000000001280990005000000000026901
00600002000000000000000114830000000000371900005000000000007810
00600002000000000000000114840000000002041320005000000000042868
00600002000000000000000114850000000000495870005000000000010413
00600002000000000000000114860000000000652890005000000000013711
00600002000000000000000114870000000000975210005000000000020479
00600002000000000000000114880000000000495870005000000000010413
00600002000000000000000114890000000000454550005000000000009545
