00100004000000000000000006790000000000045780005000000000000961
00100004000000000000000006800000000000107440005000000000002256
00100004000000000000000006810000000000107440005000000000002256
00600004000000000000000002150000000000163640005000000000003436
00100004000000000000000006820000000000181820005000000000003818
00100004000000000000000006830000000000231440005000000000004860
00100004000000000000000006840000000000105790005000000000002222
00100004000000000000000006850000000000031500005000000000000662
00100004000000000000000006860000000000153720005000000000003228
00100004000000000000000006870000000000132230005000000000002777
00100004000000000000000006880000000000152890005000000000003211
00100004000000000000000006890000000000057860005000000000001215
00100004000000000000000006900000000000168600005000000000003541
00100004000000000000000006910000000000089260005000000000001874
00600004000000000000000002160000000000250410005000000000005259
00100004000000000000000006920000000000014880005000000000000312
00100004000000000000000006930000000000031500005000000000000662
00100004000000000000000006940000000000214880005000000000004512
00100004000000000000000006950000000000119010005000000000002499
00100004000000000000000006960000000000145460005000000000003055
00600004000000000000000002170000000005203550005000000000109275
00100004000000000000000006970000000000026480005000000000000556
00100004000000000000000006980000000000190080005000000000003992
00300004000000000000000000070000000000145460005000000000003055
00100004000000000000000006990000000000070250005000000000001475
00100004000000000000000007000000000000152080005000000000003194
00100004000000000000000007010000000000037190005000000000000781
00100004000000000000000007020000000000140500005000000000002950
00100004000000000000000007030000000000031420005000000000000660
00100004000000000000000007040000000000186000005000000000003906
00100004000000000000000007050000000000226240005000000000004751
00100004000000000000000007060000000000057850005000000000001215
00100004000000000000000007070000000000239670005000000000005033
00100004000000000000000007080000000000347130005000000000007290
00100004000000000000000007090000000000153720005000000000003228
00100004000000000000000007100000000000219100005000000000004601
00600004000000000000000002180000000000066940005000000000001406
00100004000000000000000007110000000000103330005000000000002170
00100004000000000000000007120000000000069420005000000000001458
00100004000000000000000007130000000000080990005000000000001701
00100004000000000000000007140000000000355500005000000000007466
00600004000000000000000002190000000000796690005000000000016731
00100004000000000000000007150000000000468380005000000000009835
00100004000000000000000007160000000000100710005000000000002115
00100004000000000000000007170000000000099170005000000000002083
00100004000000000000000007180000000000037190005000000000000781
00300004000000000000000000080000000000037190005000000000000781
00600004000000000000000002200000000000082640005000000000001736
00100004000000000000000007190000000000158680005000000000003332
00600004000000000000000002210000000000045450005000000000000955
00600004000000000000000002220000000000224790005000000000004721
00100004000000000000000007200000000000380170005000000000007984
00600004000000000000000002230000000000095870005000000000002013
00100004000000000000000007210000000000074380005000000000001562
00100004000000000000000007220000000000414920005000000000008713
00100004000000000000000007230000000000044640005000000000000937
00100004000000000000000007240000000000037190005000000000000781
00100004000000000000000007250000000000114870005000000000002412
00100004000000000000000007260000000000499170005000000000010483
00100004000000000000000007270000000000082650005000000000001736
00100004000000000000000007280000000000181820005000000000003818
00100004000000000000000007290000000000317360005000000000006665
00600004000000000000000002240000000000099170005000000000002083
00100004000000000000000007300000000041284000005000000000866964
00100004000000000000000007310000000000276860005000000000005814
00100004000000000000000007320000000000186770005000000000003922
00100004000000000000000007330000000000165290005000000000003471
00100004000000000000000007340000000000046280005000000000000972
00100004000000000000000007350000000000188430005000000000003957
00100004000000000000000007360000000000044630005000000000000937
00600004000000000000000002250000000000191730005000000000004027
00600005000000000000000000110000000008391600005000000000176223
00600001000000000000000012310000000003446370005000000000072374
00600001000000000000000012320000000001711570005000000000035943
00600001000000000000000012330000000002483880005000000000052162
00600001000000000000000012340000000003231400005000000000067860
00600001000000000000000012350000000000286370005000000000006014
00600001000000000000000012360000000002822740005000000000059277
00600001000000000000000012370000000002177690005000000000045731
00600001000000000000000012380000000002373140005000000000049836
00600001000000000000000012390000000002737190005000000000057481
00600001000000000000000012400000000002876860005000000000060414
00600001000000000000000012410000000003158270005000000000066324
00600001000000000000000012420000000000687600005000000000014440
00600001000000000000000012430000000002109090005000000000044291
00600001000000000000000012440000000003841740005000000000080676
00600001000000000000000012450000000002795870005000000000058713
00600001000000000000000012460000000002790910005000000000058609
00600001000000000000000012470000000002514880005000000000052812
00600001000000000000000012480000000003309920005000000000069508
00600001000000000000000012490000000000888430005000000000018657
00600001000000000000000012500000000001426450005000000000029955
00600001000000000000000012510000000002517120005000000000052859
00600001000000000000000012520000000002157850005000000000045315
00600001000000000000000012530000000003394710005000000000071289
00600001000000000000000012540000000002919420005000000000061308
00600001000000000000000012550000000001877690005000000000039431
00600001000000000000000012560000000000463640005000000000009736
00600001000000000000000012570000000003561780005000000000074797
00600001000000000000000012580000000002278020005000000000047838
00600001000000000000000012590000000003219420005000000000067608
00600001000000000000000012600000000001923140005000000000040386
