001000010000000000002016080180000000000305000100840000000000402000005000000000008442
001000010000000000002016080280000000000305000100840000000000430000005000000000009030
001000010000000000002016080380000000000305000100840000000000135420004000000000001422
001000010000000000002016080480000000000305000017350000000000678000005000000000014238
001000010000000000002016080580000000000305000017350000000000021110004000000000000222
001000010000000000002016080680000000000305000100840000000000408800005000000000008585
001000020000000000000000389880000000000307090496030000000043105500004000000000452608
001000020000000000000000389980000000000307090496030000000043105500004000000000452608
001000010000000000000000001280000000000307152270680000000247669420005000000005201058
001000030000000000000000013080000000000202797439470000000002066120005000000000043388
001000080000000000000001216880000000000307099500920000000000214520005000000000004505
001000010000000000000000023680000000000202131090740000000000057850005000000000001215
001000570000000000000000014580000000000307087253460000000000573400005000000000012041
001000020000000000000001594580000000000307143937380000000000091900005000000000001930
001000430000000000000002101580000000000307087253460000000012918730005000000000271293
001000430000000000000002101480000000000307087253460000000009881370005000000000207509
001000430000000000000002103780000000000307087253460000000003085900005000000000064804
001000040000000000000055500280000000000305189193490000000000387960005000000000008147
001000040000000000000055500380000000000305189193490000000001376130005000000000028899
001000040000000000000005550480000000000305189193490000000001966880005000000000041304
001000040000000000000055500580000000000305189193490000000000425620005000000000008938
001000040000000000000056205080000000000305189193490000000002257580005000000000047409
001000040000000000000014785380000000000305189193490000000000375000005000000000007875
001000040000000000000014895680000000000305189193490000000000150000005000000000003150
001000060000000000000000217980000000000337111404390000000000578520005000000000012149
001000520000000000000000061180000000000307072119420000000008016240005000000000168341
001030710000000000000000876280000000000307087729640000000003052740005000000000064108
001030710000000001111111876280000000000307087729640000000000044790004000000000000470
001025720000000000000000106580000000000305268742490000000002714030004000000000028497
001000570000000000000000029880000000000307087253460000000002861820005000000000060098
001000570000000000000000026580000000000307087253460000000000467240005000000000009812
001000570000000000000000035380000000000307087253460000000005785850005000000000121503
001000020000000000000000444180000000000201645109060000000001206840005000000000025344
001000060000000000000000262480000000000306151431930000000002083980005000000000043763
001000100000000000000002823280000000000305946927440000000000433150005000000000009096
001000100000000000000002823380000000000305946927440000000001316210005000000000027640
001000120000000000000004161780000000000305946927440000000000407800005000000000008564
001000100000000000000002812080000000000305946927440000000000309380005000000000006497
001000100000000000000002824380000000000305946927440000000000560350005000000000011767
001000130000000000000003025680000000000305946927440000000000480780005000000000010096
001000120000000000000004180480000000000305946927440000000000407800005000000000008564
001000100000000000000002845680000000000305946927440000000000983230005000000000020648
001000100000000000000002853680000000000305946927440000000000371260005000000000007796
001000120000000000000004196980000000000305946927440000000000331510005000000000006962
001000120000000000000004204080000000000305946927440000000000407800005000000000008564
001000100000000000000002862380000000000305946927440000000000725100005000000000015227
001000100000000000000002862480000000000305946927440000000001617740005000000000033973
001000100000000000000002871580000000000305946927440000000000309020005000000000006489
