00100007000000000000000010500000000000088510005000000000001859
00100007000000000000000010510000000000239670005000000000005033
00100007000000000000000010520000000000599180005000000000012583
00100007000000000000000010530000000000283100005000000000005945
00100007000000000000000010540000000000194650005000000000004088
00100007000000000000000010550000000000119830005000000000002516
00100007000000000000000010560000000000208260005000000000004373
00100007000000000000000010570000000000089920005000000000001888
00100007000000000000000010580000000014327380005000000000300875
00100007000000000000000010590000000000686570005000000000014418
00100007000000000000000010600000000000181190005000000000003805
00600007000000000000000002270000000000838850005000000000017616
00600007000000000000000002280000000000124880005000000000002623
00600004000000000000000012690000000007973720005000000000167448
00100007000000000000000010610000000000374700005000000000007869
00100007000000000000000010620000000000062550005000000000001314
00100007000000000000000010630000000000107410005000000000002256
00100007000000000000000010640000000001649290005000000000034635
00100007000000000000000010650000000000736600005000000000015469
00100007000000000000000010660000000000450990005000000000009471
00100007000000000000000010670000000000211450005000000000004440
00100007000000000000000010680000000000568360005000000000011935
00600007000000000000000002290000000000708100005000000000014870
00600007000000000000000002300000000000048120005000000000001010
00600007000000000000000002310000000000395620005000000000008308
00600007000000000000000002320000000000056200005000000000001180
00600004000000000000000012700000000003062810005000000000064319
00100007000000000000000010690000000000183660005000000000003857
00100007000000000000000010700000000000177740005000000000003732
00100007000000000000000010710000000000107760005000000000002263
00600004000000000000000012710000000002545450005000000000053455
00100007000000000000000010720000000002151220005000000000045176
00100007000000000000000010730000000000599810005000000000012596
00100007000000000000000010740000000000059710005000000000001254
00100007000000000000000010750000000000858970005000000000018038
00100007000000000000000010760000000024037870005000000000504795
00100007000000000000000010770000000000148930005000000000003128
00100007000000000000000010780000000257056340005000000005398183
00600007000000000000000002330000000001841200005000000000038665
00600007000000000000000012720000000011208260005000000000235374
00100007000000000000000010790000000000074460005000000000001564
00100007000000000000000010800000000000479340005000000000010066
00100007000000000000000010810000000000426400005000000000008955
00100007000000000000000010820000000000413750005000000000008689
00100007000000000000000010830000000000073020005000000000001533
00100007000000000000000010840000000000310170005000000000006514
00100007000000000000000010850000000002754550005000000000057846
00100007000000000000000010860000000000323120005000000000006786
00100007000000000000000010870000000328508240005000000006898673
00100007000000000000000010880000000000210550005000000000004421
00100007000000000000000010890000000000272570005000000000005724
00100007000000000000000010900000000000320330005000000000006727
00100007000000000000000010920000000000599160005000000000012582
00100007000000000000000010930000000000060410005000000000001269
00600007000000000000000002340000000000182230005000000000003827
00600007000000000000000002350000000000416690005000000000008751
00600007000000000000000002360000000000074380005000000000001562
00200007000000000000000010910000000285535010005000000005996235
00600004000000000000000012730000000006719830005000000000141117
00100007000000000000000010940000000000305280005000000000006411
00100007000000000000000010950000000000103370005000000000002171
00100007000000000000000010960000000004553630005000000000095626
00100007000000000000000010970000000000446600005000000000009379
00100007000000000000000010980000000000177020005000000000003717
00300007000000000000000000120000000285535010005000000005996235
00200007000000000000000010990000000000290750005000000000006106
00600004000000000000000012740000000011786780005000000000247522
00100007000000000000000011040000000001985460005000000000041695
00100007000000000000000011050000000000029750005000000000000625
00100007000000000000000011060000000000358870005000000000007536
00100007000000000000000011070000000000393300005000000000008259
00100007000000000000000011080000000000072640005000000000001525
00100007000000000000000011090000000000602790005000000000012659
00100007000000000000000011100000000000386500005000000000008116
00100007000000000000000011110000000000408530005000000000008579
00100007000000000000000011120000000000285790005000000000006002
00100007000000000000000011130000000000493140005000000000010356
00100007000000000000000011140000000004681810005000000000098318
00100007000000000000000011150000000000029500005000000000000619
00100007000000000000000011160000000000354550005000000000007446
00100007000000000000000011170000000000783970005000000000016463
00100007000000000000000011180000000000922010005000000000019362
00100007000000000000000011190000000000119830005000000000002516
00100007000000000000000011200000000000021070005000000000000442
00100007000000000000000011210000000000280310005000000000005886
00100007000000000000000011220000000000381560005000000000008013
00100007000000000000000011230000000000249380005000000000005237
00600007000000000000000002370000000000023140005000000000000486
00600007000000000000000002380000000000454570005000000000009546
00600004000000000000000012750000000014226450005000000000298755
00100007000000000000000011240000000000214260005000000000004499
00100007000000000000000011250000000000049830005000000000001046
00100007000000000000000011260000000000071230005000000000001496
00100007000000000000000011270000000000099220005000000000002084
00100007000000000000000011280000000000351640005000000000007385
00100007000000000000000011290000000001742150005000000000036585
00100007000000000000000011300000000000083800005000000000001760
00100007000000000000000011310000000000028090005000000000000590
00100007000000000000000011320000000000599180005000000000012583
00100007000000000000000011330000000000059500005000000000001250
00600007000000000000000002390000000000435540005000000000009146
00600007000000000000000002400000000000923800005000000000019400
00600007000000000000000002410000000000145410005000000000003054
00600007000000000000000002420000000000119830005000000000002517
00600004000000000000000012760000000005209090005000000000109391
00100007000000000000000011340000000000297160005000000000006240
00100007000000000000000011350000000000345450005000000000007254
00200007000000000000000011360000000285535010005000000005996235
00600004000000000000000012770000000008542150005000000000179385
00600004000000000000000012780000000006556200005000000000137680
00100007000000000000000011370000000000079980005000000000001680
00100007000000000000000011380000000000488260005000000000010253
00100007000000000000000011390000000000247630005000000000005200
00100007000000000000000011400000000000185460005000000000003895
00100007000000000000000011410000000000049170005000000000001033
00100007000000000000000011420000000000458010005000000000009618
00100007000000000000000011430000000000038990005000000000000819
00600007000000000000000002430000000000199220005000000000004184
00100007000000000000000011440000000000884740005000000000018580
00100007000000000000000011450000000000053390005000000000001121
00100007000000000000000011460000000000946740005000000000019882
00100007000000000000000011470000000003259500005000000000068450
00100007000000000000000011480000000154823230005000000003251288
00100007000000000000000011490000000001117440005000000000023466
00100007000000000000000011500000000000127280005000000000002673
00100007000000000000000011510000000000364460005000000000007654
00100007000000000000000011520000000000173560005000000000003645
00100007000000000000000011530000000000619840005000000000013017
00100007000000000000000011540000000000285210005000000000005989
00100007000000000000000011550000000004151440005000000000087180
00100007000000000000000011560000000001859500005000000000039050
00100007000000000000000011570000000000197580005000000000004149
00100007000000000000000011580000000000486400005000000000010214
00600004000000000000000012790000000013181820005000000000276818
00100007000000000000000011590000000000029500005000000000000619
00100007000000000000000011600000000000103620005000000000002176
00100007000000000000000011610000000000297490005000000000006247
00100007000000000000000011620000000000335220005000000000007040
00100007000000000000000011630000000000271620005000000000005704
00100007000000000000000011640000000000479570005000000000010071
00600007000000000000000002440000000000083360005000000000001750
00600007000000000000000002450000000000041450005000000000000870
00600007000000000000000002460000000014464050005000000000303745
00600004000000000000000012800000000010396690005000000000218331
00100007000000000000000011650000000000356060005000000000007477
00100007000000000000000011660000000000306980005000000000006446
00100007000000000000000011670000000000119420005000000000002508
00100007000000000000000011690000000000700790005000000000014717
00100007000000000000000011700000000000124680005000000000002618
00100007000000000000000011710000000000702480005000000000014752
00600007000000000000000002470000000000105370005000000000002213
00600007000000000000000002480000000000364620005000000000007657
00600004000000000000000012810000000007383470005000000000155053
00100007000000000000000011720000000000176640005000000000003710
00600007000000000000000002490000000000033720005000000000000708
00600004000000000000000012820000000004278510005000000000089849
00100007000000000000000011730000000000144710005000000000003039
00100007000000000000000011740000000001239670005000000000026033
00100007000000000000000011750000000000306280005000000000006432
00100007000000000000000011760000000000123960005000000000002603
00100007000000000000000011770000000001445870005000000000030363
00100007000000000000000011780000000001085550005000000000022796
00100007000000000000000011790000000000438000005000000000009198
00100007000000000000000011800000000001152060005000000000024193
00100007000000000000000011810000000000244460005000000000005134
00100007000000000000000011820000000001280980005000000000026901
00100007000000000000000011830000000000066020005000000000001387
00100007000000000000000011840000000000161570005000000000003393
00100007000000000000000011850000000000659100005000000000013841
00100007000000000000000011860000000001281130005000000000026904
00100007000000000000000011870000000000140740005000000000002956
00100007000000000000000011890000000001859380005000000000039047
00600007000000000000000002500000000001281670005000000000026915
00600007000000000000000002510000000000038640005000000000000811
00600007000000000000000002520000000008008330005000000000168175
00300007000000000000000000130000000285535000005000000005996235
00600004000000000000000012830000000008704960005000000000182804
00100007000000000000000011900000000001872160005000000000039315
00100007000000000000000011910000000000129690005000000000002723
00100007000000000000000011920000000000132630005000000000002785
00100007000000000000000011930000000000165460005000000000003475
00100007000000000000000011940000000000140740005000000000002956
00100007000000000000000011950000000002220250005000000000046625
00100007000000000000000011960000000000429030005000000000009010
00100007000000000000000011970000000000504400005000000000010592
00100007000000000000000011980000000000135230005000000000002840
00100007000000000000000011990000000000035830005000000000000752
00100007000000000000000012000000000412285480005000000008657995
00100007000000000000000012010000000000074470005000000000001564
00600007000000000000000002530000000000070950005000000000001490
00600007000000000000000002540000000000663490005000000000013933
00600007000000000000000002550000000000024590005000000000000516
00600004000000000000000012840000000011935540005000000000250646
00100007000000000000000012020000000000050280005000000000001056
00100007000000000000000012030000000000165370005000000000003473
00100007000000000000000012040000000000567060005000000000011908
00100007000000000000000012050000000000039340005000000000000826
00100007000000000000000012060000000000384290005000000000008070
00100007000000000000000012070000000000741740005000000000015576
00100007000000000000000012080000000005769980005000000000121170
00600007000000000000000002560000000000529670005000000000011123
00600007000000000000000002570000000001422660005000000000029876
00600007000000000000000002580000000000121170005000000000002545
00600004000000000000000012850000000006838020005000000000143598
00100007000000000000000012090000000000123970005000000000002603
00100007000000000000000012100000000001116650005000000000023450
00100007000000000000000012110000000000173510005000000000003644
00100007000000000000000012120000000000390930005000000000008210
00100007000000000000000012130000000065180950005000000001368800
00100007000000000000000012140000000000349140005000000000007332
00100007000000000000000012150000000000339650005000000000007133
00100007000000000000000012160000000000316110005000000000006638
00100007000000000000000012170000000000189670005000000000003983
00100007000000000000000012180000000000256200005000000000005380
00600004000000000000000012860000000016599170005000000000348583
00100007000000000000000012190000000000050280005000000000001056
00100007000000000000000012200000000000999670005000000000020993
00100007000000000000000012210000000000450300005000000000009456
00100007000000000000000012220000000000113100005000000000002375
00100007000000000000000012230000000000050280005000000000001056
00100007000000000000000012240000000000024590005000000000000516
00100007000000000000000012250000000000120040005000000000002521
00100007000000000000000012260000000000379340005000000000007966
00100007000000000000000012270000000001440090005000000000030242
00600007000000000000000002590000000000035190005000000000000739
00600004000000000000000012870000000008243800005000000000173120
00100007000000000000000012280000000000518770005000000000010894
00100007000000000000000012290000000000067440005000000000001416
00100007000000000000000012300000000000077980005000000000001638
00600007000000000000000002600000000009545270005000000000200451
00600007000000000000000002610000000000086780005000000000001822
00600007000000000000000002620000000000049880005000000000001047
00600004000000000000000012880000000008439670005000000000177233
00100007000000000000000012310000000000222940005000000000004682
00100007000000000000000012320000000000084290005000000000001770
00100007000000000000000012330000000000111950005000000000002351
00100007000000000000000012340000000000426580005000000000008958
00100007000000000000000012350000000000306990005000000000006447
00100007000000000000000012360000000000506980005000000000010646
00100007000000000000000012370000000000058180005000000000001222
00100007000000000000000012380000000005290000005000000000111090
00100007000000000000000012390000000000206530005000000000004337
00100007000000000000000012400000000244248070005000000005129209
00100007000000000000000012410000000008256800005000000000173393
00100007000000000000000012420000000001440060005000000000030241
00100007000000000000000012430000000000173520005000000000003644
00100007000000000000000012440000000000335990005000000000007056
00100007000000000000000012450000000000045660005000000000000959
00100007000000000000000012460000000000103540005000000000002174
00100007000000000000000012470000000002213270005000000000046479
00100007000000000000000012490000000000945530005000000000019856
00600007000000000000000002630000000000540240005000000000011345
00600007000000000000000002640000000000066150005000000000001389
00600007000000000000000002650000000000022480005000000000000472
00600007000000000000000002660000000000022480005000000000000472
00600007000000000000000002670000000000320330005000000000006727
00600004000000000000000012890000000013351240005000000000280376
00100007000000000000000012500000000000074460005000000000001564
00100007000000000000000012510000000001201260005000000000025226
00100007000000000000000012520000000000547930005000000000011507
00100007000000000000000012530000000008257750005000000000173413
00100007000000000000000012540000000000063930005000000000001343
00100007000000000000000012550000000000126450005000000000002656
00100007000000000000000012560000000000231820005000000000004868
00100007000000000000000012570000000000763890005000000000016042
00100007000000000000000012580000000009722860005000000000204180
00100007000000000000000012590000000000378610005000000000007951
00100007000000000000000012600000000000324550005000000000006816
00100007000000000000000012610000000000082890005000000000001741
00100007000000000000000012620000000000124130005000000000002607
00600007000000000000000002680000000000132070005000000000002773
00600007000000000000000002690000000000299880005000000000006298
00600007000000000000000002700000000032728090005000000000687290
00600004000000000000000012900000000006544630005000000000137437
00600004000000000000000012910000000010771070005000000000226193
00100007000000000000000012630000000000306620005000000000006439
00100007000000000000000012640000000043783600005000000000919455
00100007000000000000000012650000000000123970005000000000002603
00100007000000000000000012660000000000306280005000000000006432
00100007000000000000000012670000000001062150005000000000022305
00100007000000000000000012680000000000247940005000000000005207
00100007000000000000000012690000000036935990005000000000775656
00600007000000000000000002720000000000202310005000000000004249
00600007000000000000000002730000000000050520005000000000001061
00600007000000000000000002740000000002851710005000000000059886
00600007000000000000000002750000000019186990005000000000402927
00600007000000000000000002760000000002267550005000000000047618
00600007000000000000000002770000000001000040005000000000021001
00600007000000000000000002780000000003879640005000000000081473
00100007000000000000000012700000000029355760005000000000616471
00100007000000000000000012710000000308904170005000000006486988
00100007000000000000000012720000000000129260005000000000002714
00100007000000000000000012730000000000148930005000000000003128
00100007000000000000000012740000000000285210005000000000005989
00100007000000000000000012750000000001554110005000000000032636
00100007000000000000000012760000000308904170005000000006486988
00100007000000000000000012770000000000049170005000000000001033
00100007000000000000000012780000000005972050005000000000125413
00100007000000000000000012790000000000605850005000000000012723
00100007000000000000000012800000000000110300005000000000002316
00100007000000000000000012810000000000515250005000000000010820
00100007000000000000000012820000000000348690005000000000007322
00100007000000000000000012830000000000174220005000000000003659
00100007000000000000000012840000000000049640005000000000001042
00100007000000000000000012850000000000057850005000000000001215
00100007000000000000000012870000000262568460005000000005513938
00100007000000000000000012880000000000437550005000000000009189
00100007000000000000000012890000000000486110005000000000010208
00100007000000000000000012900000000000922320005000000000019369
00100007000000000000000012910000000007917500005000000000166268
00100007000000000000000012920000000253691850005000000005327529
00300007000000000000000000140000000308904170005000000006486988
00300007000000000000000000150000000308904120005000000006486987
00600004000000000000000012920000000020749590005000000000435741
00100005000000000000000052980000000000599150005000000000012582
00100005000000000000000052990000000000122310005000000000002569
00100005000000000000000053000000000002396600005000000000050329
00100005000000000000000053010000000000173560005000000000003645
00100005000000000000000053020000000000173550005000000000003645
00100005000000000000000053030000000000963640005000000000020236
00100005000000000000000053040000000001198300005000000000025164
00100005000000000000000053050000000000281000005000000000005901
00600005000000000000000084740000000000272730005000000000005727
00600005000000000000000084750000000000541320005000000000011368
00600005000000000000000084760000000000049590005000000000001041
00600005000000000000000084770000000000703470005000000000014773
00600005000000000000000084780000000000074380005000000000001562
00600005000000000000000084790000000000552070005000000000011593
00600005000000000000000084800000000000578510005000000000012149
00600005000000000000000084810000000000289260005000000000006074
00600005000000000000000084820000000000624790005000000000013121
00600005000000000000000084830000000000847110005000000000017789
00600005000000000000000084840000000000502480005000000000010552
00600005000000000000000084850000000000144630005000000000003037
00600005000000000000000084860000000000900830005000000000018917
00600005000000000000000084870000000000347110005000000000007289
00600005000000000000000084880000000011570250005000000000242975
00600005000000000000000084890000000000876200005000000000018400
00600005000000000000000084900000000000355370005000000000007463
00600005000000000000000084910000000000268600005000000000005640
00100005000000000000000053060000000000033060005000000000000694
00100005000000000000000053070000000000119830005000000000002516
00600005000000000000000084920000000000367740005000000000007722
00600005000000000000000084930000000001355370005000000000028463
00600005000000000000000084940000000000389260005000000000008174
00600005000000000000000084950000000007454550005000000000156545
00600005000000000000000084960000000000569420005000000000011958
00600005000000000000000084970000000000454550005000000000009545
00600005000000000000000084980000000000446280005000000000009372
00600005000000000000000084990000000000076030005000000000001597
00600005000000000000000085000000000000502480005000000000010552
00600005000000000000000085010000000000119830005000000000002517
00100006000000000000000001420000000019600000005000000000411600
00100006000000000000000001430000000018023000005000000000378483
00100006000000000000000001440000000035595000005000000000747495
00100006000000000000000001450000000010000000005000000000210000
00100006000000000000000001460000000030000000005000000000630000
00600005000000000000000085020000000000235540005000000000004946
00600005000000000000000085030000000000768600005000000000016140
00600005000000000000000085040000000000031400005000000000000660
00600005000000000000000085050000000000152890005000000000003211
00100005000000000000000053080000000002210520005000000000046421
00600005000000000000000085060000000002125620005000000000044638
00600005000000000000000085070000000000572730005000000000012027
00600005000000000000000085080000000000475210005000000000009979
00600005000000000000000085090000000000152560005000000000003204
00600005000000000000000085100000000000144630005000000000003037
00600005000000000000000085110000000001024790005000000000021521
00600005000000000000000085120000000002058680005000000000043232
00600005000000000000000085130000000000184300005000000000003870
00600005000000000000000085140000000000049590005000000000001041
00600005000000000000000085150000000000181820005000000000003818
00600005000000000000000085160000000000057850005000000000001215
00600005000000000000000085170000000000028930005000000000000607
00600005000000000000000085180000000000743640005000000000015616
00600005000000000000000085190000000000805790005000000000016921
00600005000000000000000085200000000001836360005000000000038564
00600005000000000000000085210000000000981740005000000000020616
00600005000000000000000085220000000000165290005000000000003471
00600005000000000000000085230000000000322310005000000000006769
00100005000000000000000053090000000000236090005000000000004958
00100005000000000000000053100000000000756160005000000000015879
00100005000000000000000053110000000000599150005000000000012582
00600005000000000000000085240000000000285120005000000000005988
00600005000000000000000085250000000009639670005000000000202433
00600005000000000000000085260000000000442560005000000000009294
00600005000000000000000085270000000000078510005000000000001649
00600005000000000000000085280000000000504120005000000000010586
00600005000000000000000085290000000002335370005000000000049043
00600005000000000000000085300000000000204960005000000000004304
00600005000000000000000085310000000000119830005000000000002517
00600005000000000000000085320000000001140500005000000000023950
00600005000000000000000085330000000000264460005000000000005554
00600005000000000000000085340000000003074360005000000000064562
00100005000000000000000053120000000000016530005000000000000347
00600005000000000000000085350000000000231400005000000000004860
00600005000000000000000085360000000000327270005000000000006873
00600005000000000000000085370000000000260330005000000000005467
00600005000000000000000085380000000000239670005000000000005033
00600005000000000000000085390000000000066120005000000000001388
00600005000000000000000085400000000000231400005000000000004860
00600005000000000000000085410000000001194210005000000000025079
00600005000000000000000085420000000000173550005000000000003645
00600005000000000000000085430000000000061980005000000000001302
00600005000000000000000085440000000000260330005000000000005467
00600005000000000000000085450000000000235540005000000000004946
00600005000000000000000085460000000002157020005000000000045298
00600005000000000000000085470000000000305790005000000000006421
00600005000000000000000085480000000000277690005000000000005831
00600005000000000000000085490000000000669420005000000000014058
00100005000000000000000053130000000000045420005000000000000954
00600005000000000000000085500000000000086780005000000000001822
00600005000000000000000085510000000003037190005000000000063781
00600005000000000000000085520000000000347110005000000000007289
00600005000000000000000085530000000000239670005000000000005033
00600005000000000000000085540000000000231400005000000000004860
00600005000000000000000085550000000000347110005000000000007289
00600005000000000000000085560000000000082640005000000000001736
00600005000000000000000085570000000001520660005000000000031934
00600005000000000000000085580000000000446280005000000000009372
00600005000000000000000085590000000001520660005000000000031934
00100005000000000000000053140000000000421500005000000000008852
00100005000000000000000053150000000000136340005000000000002863
00600005000000000000000085600000000000239670005000000000005033
00600005000000000000000085610000000000173550005000000000003645
00600005000000000000000085620000000001479340005000000000031066
00600005000000000000000085630000000000157020005000000000003298
00600005000000000000000085640000000001272730005000000000026727
00600005000000000000000085650000000000404960005000000000008504
00600005000000000000000085660000000000070250005000000000001475
00600005000000000000000085670000000000095040005000000000001996
00600005000000000000000085680000000002263640005000000000047536
00600005000000000000000085690000000000527270005000000000011073
00600005000000000000000085700000000001078510005000000000022649
00600005000000000000000085710000000000132230005000000000002777
00600005000000000000000085720000000000086780005000000000001822
00600005000000000000000085730000000000076030005000000000001597
00600005000000000000000085740000000000161160005000000000003384
00600005000000000000000085750000000001095870005000000000023013
00600005000000000000000085760000000001074380005000000000022562
00600005000000000000000085770000000000624790005000000000013121
00600005000000000000000085780000000000119830005000000000002517
00600005000000000000000085790000000000157020005000000000003298
00600005000000000000000085800000000000524790005000000000011021
00600005000000000000000085810000000000033060005000000000000694
00600005000000000000000085820000000000078510005000000000001649
00600005000000000000000085830000000028148760005000000000591124
00600005000000000000000085840000000007272730005000000000152727
00600005000000000000000085850000000000557850005000000000011715
00600005000000000000000085860000000001213220005000000000025478
00600005000000000000000085870000000000086780005000000000001822
00600005000000000000000085880000000003319010005000000000069699
00600005000000000000000085890000000000364460005000000000007654
00600005000000000000000085900000000000376020005000000000007896
00600005000000000000000085910000000002519830005000000000052917
00600005000000000000000085920000000001066120005000000000022388
00600005000000000000000085930000000000268600005000000000005640
00600005000000000000000085940000000001641320005000000000034468
00600005000000000000000085950000000006082640005000000000127736
00600005000000000000000085960000000002464790005000000000051761
00100005000000000000000053160000000000411000005000000000008631
00100005000000000000000053170000000000454550005000000000009546
00100005000000000000000053180000000001745220005000000000036650
00100005000000000000000053190000000003140500005000000000065951
00100005000000000000000053200000000000140510005000000000002951
00100005000000000000000053210000000000132200005000000000002776
00600005000000000000000085970000000004011980005000000000084252
00600005000000000000000085980000000004011980005000000000084252
00600005000000000000000085990000000002975410005000000000062484
00600005000000000000000086000000000001314050005000000000027595
00600005000000000000000086010000000005414590005000000000113706
00600005000000000000000086020000000005288430005000000000111057
00600005000000000000000086030000000000181820005000000000003818
00600005000000000000000086040000000000376030005000000000007897
00600005000000000000000086050000000003301650005000000000069335
00600005000000000000000086060000000000781980005000000000016422
00600005000000000000000086070000000000152890005000000000003211
00600005000000000000000086080000000000871900005000000000018310
00100005000000000000000053220000000002479400005000000000052067
00600005000000000000000086090000000000884300005000000000018570
00600005000000000000000086100000000000090910005000000000001909
00600005000000000000000086110000000000913220005000000000019178
00600005000000000000000086120000000000797520005000000000016748
00600005000000000000000086130000000000165290005000000000003471
00600005000000000000000086140000000000115700005000000000002430
00600005000000000000000086150000000000061980005000000000001302
00600005000000000000000086160000000000359500005000000000007550
00600005000000000000000086170000000000867770005000000000018223
00600005000000000000000086180000000000123970005000000000002603
00100005000000000000000053230000000003925500005000000000082436
00100005000000000000000053240000000000123970005000000000002603
00600005000000000000000086190000000000202480005000000000004252
00600005000000000000000086200000000000712400005000000000014960
00600005000000000000000086210000000000012400005000000000000260
00600005000000000000000086220000000000247930005000000000005207
00600005000000000000000086230000000001818180005000000000038182
00600005000000000000000086240000000000008260005000000000000174
00600005000000000000000086250000000010576860005000000000222114
00600005000000000000000086260000000000169420005000000000003558
00600005000000000000000086270000000000210740005000000000004426
00600005000000000000000086280000000000574380005000000000012062
00600005000000000000000086290000000000557850005000000000011715
00600005000000000000000086300000000010578510005000000000222149
00600005000000000000000086310000000000196690005000000000004131
00600005000000000000000086320000000000247930005000000000005207
00600005000000000000000086330000000000421490005000000000008851
00100005000000000000000053250000000034710000005000000000728910
00100005000000000000000053260000000000462810005000000000009719
00600005000000000000000086340000000001409090005000000000029591
00600005000000000000000086350000000000195870005000000000004113
00600005000000000000000086360000000000157020005000000000003298
00600005000000000000000086370000000000636360005000000000013364
00600005000000000000000086380000000002107440005000000000044256
00600005000000000000000086390000000003223140005000000000067686
00600005000000000000000086400000000003799170005000000000079783
00100005000000000000000053270000000000400800005000000000008417
00600005000000000000000086410000000000347110005000000000007289
00600005000000000000000086420000000002065290005000000000043371
00600005000000000000000086430000000000454550005000000000009545
00600005000000000000000086440000000010578510005000000000222149
00600005000000000000000086450000000002617360005000000000054964
00600005000000000000000086460000000005289260005000000000111074
00600005000000000000000086470000000001010950005000000000021230
00600005000000000000000086480000000000039670005000000000000833
00600005000000000000000086490000000001239670005000000000026033
00600005000000000000000086500000000000078510005000000000001649
00600005000000000000000086510000000001256200005000000000026380
00600005000000000000000086520000000005722520005000000000120173
00600005000000000000000086530000000000122310005000000000002569
00600005000000000000000086540000000000181820005000000000003818
00600005000000000000000086550000000000166120005000000000003488
00600005000000000000000086560000000000177690005000000000003731
00600005000000000000000086570000000031735540005000000000666446
00100005000000000000000053280000000001603240005000000000033668
00100005000000000000000053290000000000413240005000000000008678
00100005000000000000000053300000000001239700005000000000026034
00100005000000000000000053310000000000495950005000000000010415
00100005000000000000000053320000000000140500005000000000002951
00100005000000000000000053330000000003306000005000000000069426
00600005000000000000000086580000000000078510005000000000001649
00600005000000000000000086590000000000757490005000000000015907
00600005000000000000000086600000000000847930005000000000017807
00600005000000000000000086610000000000066120005000000000001388
00600005000000000000000086620000000001097110005000000000023039
00600005000000000000000086630000000000123970005000000000002603
00600005000000000000000086640000000000123970005000000000002603
00600005000000000000000086650000000000619830005000000000013017
00600005000000000000000086660000000000128100005000000000002690
00600005000000000000000086670000000000123970005000000000002603
00600005000000000000000086680000000000090910005000000000001909
00600005000000000000000086690000000000260330005000000000005467
00600005000000000000000086700000000000086780005000000000001822
00600005000000000000000086710000000000086780005000000000001822
00600005000000000000000086720000000003818180005000000000080182
00600005000000000000000086730000000000190080005000000000003992
00100005000000000000000053340000000000252120005000000000005295
00600005000000000000000086740000000000109920005000000000002308
00600005000000000000000086750000000000698330005000000000014665
00600005000000000000000086760000000000404130005000000000008487
00600005000000000000000086770000000000082610005000000000001735
00600005000000000000000086780000000005289260005000000000111074
00600005000000000000000086790000000000123970005000000000002603
00600005000000000000000086800000000000142150005000000000002985
00600005000000000000000086810000000000305790005000000000006421
00600005000000000000000086820000000000564630005000000000011857
00600005000000000000000086830000000000057850005000000000001215
00600005000000000000000086840000000000157020005000000000003298
00600005000000000000000086850000000000293390005000000000006161
00600005000000000000000086860000000001454550005000000000030545
00600005000000000000000086870000000000371900005000000000007810
00600005000000000000000086880000000000247930005000000000005207
00600005000000000000000086890000000000181820005000000000003818
00600005000000000000000086900000000000213220005000000000004478
00600005000000000000000086910000000000037190005000000000000781
00600005000000000000000086920000000000020660005000000000000434
00100005000000000000000053350000000001045450005000000000021954
00600005000000000000000086930000000001136360005000000000023864
00600005000000000000000086940000000000350410005000000000007359
00600005000000000000000086950000000000229750005000000000004825
00600005000000000000000086960000000000286780005000000000006022
00600005000000000000000086970000000000239670005000000000005033
00600005000000000000000086980000000000316530005000000000006647
00600005000000000000000086990000000000198350005000000000004165
00600005000000000000000087000000000000239670005000000000005033
00600005000000000000000087010000000001037930005000000000021797
00600005000000000000000087020000000000247930005000000000005207
00600005000000000000000087030000000000090910005000000000001909
00600005000000000000000087040000000000326450005000000000006855
00600005000000000000000087050000000000123970005000000000002603
00600005000000000000000087060000000000123970005000000000002603
00600005000000000000000087070000000000247930005000000000005207
00600005000000000000000087080000000000371900005000000000007810
00600005000000000000000087090000000000086780005000000000001822
00600005000000000000000087100000000000123970005000000000002603
00600005000000000000000087110000000005206610005000000000109339
00600005000000000000000087120000000006073550005000000000127545
00600005000000000000000087130000000000291320005000000000006118
00600005000000000000000087140000000000173550005000000000003645
00600005000000000000000087150000000005289260005000000000111074
00600005000000000000000087160000000000723140005000000000015186
00600005000000000000000087170000000000847930005000000000017807
00600005000000000000000087180000000000954550005000000000020045
00600005000000000000000087190000000000247930005000000000005207
00100005000000000000000053360000000000446400005000000000009374
00100005000000000000000053370000000000455220005000000000009560
00600005000000000000000087200000000000247930005000000000005207
00600005000000000000000087210000000000173550005000000000003645
00600005000000000000000087220000000000938020005000000000019698
00600005000000000000000087230000000006082640005000000000127736
00600005000000000000000087240000000000487600005000000000010240
00600005000000000000000087250000000000607440005000000000012756
00600005000000000000000087260000000001606610005000000000033739
00600005000000000000000087270000000000335540005000000000007046
00600005000000000000000087280000000000235540005000000000004946
00600005000000000000000087290000000000239670005000000000005033
00600005000000000000000087300000000000304130005000000000006387
00600005000000000000000087310000000000272730005000000000005727
00600005000000000000000087320000000001172640005000000000024626
00600005000000000000000087330000000005289260005000000000111074
00600005000000000000000087340000000000485950005000000000010205
00600005000000000000000087350000000001216530005000000000025547
00600005000000000000000087360000000000173550005000000000003645
00600005000000000000000087370000000000086780005000000000001822
00600005000000000000000087380000000000694210005000000000014579
00600005000000000000000087390000000001214880005000000000025512
00600005000000000000000087400000000005100080005000000000107102
00600005000000000000000087410000000000364960005000000000007664
00600005000000000000000087420000000000277020005000000000005818
00600005000000000000000087430000000000347110005000000000007289
00600005000000000000000087440000000002965450005000000000062275
00600005000000000000000087450000000005497520005000000000115448
00600005000000000000000087460000000000603310005000000000012669
00600005000000000000000087470000000000925620005000000000019438
00600005000000000000000087480000000000144630005000000000003037
00600005000000000000000087490000000003132230005000000000065777
00600005000000000000000087500000000008243800005000000000173120
00600005000000000000000087510000000000247930005000000000005207
00600005000000000000000087520000000000252050005000000000005293
00600005000000000000000087530000000000136360005000000000002864
00600005000000000000000087540000000000173550005000000000003645
00600005000000000000000087550000000000066940005000000000001406
00600005000000000000000087560000000000228100005000000000004790
00100005000000000000000053380000000008057500005000000000169208
00100005000000000000000053390000000000165000005000000000003465
00100005000000000000000053400000000006817900005000000000143176
00600005000000000000000087570000000000494210005000000000010379
00600005000000000000000087580000000000635540005000000000013346
00600005000000000000000087590000000001115700005000000000023430
00600005000000000000000087600000000000140500005000000000002950
00600005000000000000000087610000000000181820005000000000003818
00600005000000000000000087620000000001044630005000000000021937
00600005000000000000000087630000000000347110005000000000007289
00600005000000000000000087640000000000420660005000000000008834
00600005000000000000000087650000000000074380005000000000001562
00600005000000000000000087660000000000008260005000000000000174
00600005000000000000000087670000000000047930005000000000001007
00600005000000000000000087680000000010578510005000000000222149
00600005000000000000000087690000000000297520005000000000006248
00600005000000000000000087700000000000789260005000000000016574
00100005000000000000000053410000000002582230005000000000054227
00100005000000000000000053420000000000165290005000000000003471
00600005000000000000000087710000000000086780005000000000001822
00600005000000000000000087720000000000275370005000000000005783
00600005000000000000000087730000000000165290005000000000003471
00600005000000000000000087740000000000123970005000000000002603
00600005000000000000000087750000000000223970005000000000004703
00600005000000000000000087760000000000181820005000000000003818
00600005000000000000000087770000000000661160005000000000013884
00600005000000000000000087780000000000047930005000000000001007
00600005000000000000000087790000000000061980005000000000001302
00600005000000000000000087800000000000954550005000000000020045
00600005000000000000000087810000000000173550005000000000003645
00600005000000000000000087820000000000355370005000000000007463
00600005000000000000000087830000000000512400005000000000010760
00600005000000000000000087840000000000173550005000000000003645
00600005000000000000000087850000000000297520005000000000006248
00600005000000000000000087860000000000181820005000000000003818
00600005000000000000000087870000000000123970005000000000002603
00600005000000000000000087880000000000247930005000000000005207
00600005000000000000000087890000000002995870005000000000062913
00600005000000000000000087900000000001247930005000000000026207
00100005000000000000000053430000000000281000005000000000005901
00100005000000000000000053440000000002652090005000000000055694
00100005000000000000000053450000000002479200005000000000052063
00600005000000000000000087910000000001305790005000000000027421
00600005000000000000000087920000000000152890005000000000003211
00600005000000000000000087930000000000545450005000000000011455
00600005000000000000000087940000000000123970005000000000002603
00600005000000000000000087950000000000082640005000000000001736
00600005000000000000000087960000000001239670005000000000026033
00600005000000000000000087970000000005289260005000000000111074
00600005000000000000000087980000000000335540005000000000007046
00600005000000000000000087990000000000086780005000000000001822
00600005000000000000000088000000000000123970005000000000002603
00600005000000000000000088010000000005289260005000000000111074
00600005000000000000000088020000000003054880005000000000064152
00600005000000000000000088030000000000148760005000000000003124
