001081040000000000001700231480000000000306394537980000000000444630006000000000012005
001081020000000000001705580680000000000306394537980000000000191560006000000000005172
001010540000000000000042892880000000000305736520840000000001131480005000000000023761
001010540000000000000042834880000000000305736520840000000000685950005000000000014405
001010540000000000000042835480000000000305736520840000000000685950005000000000014405
001055120000000000000334994080000000000306781864460000000001152410006000000000031115
001055120000000000000334785380000000000306781864460000000002012030006000000000054325
001055120000000001111334785380000000000306781864460000000000045520005000000000000956
001001010000000000000046846980000000000306906336350000000001266850006000000000034205
001001010000000000000046153180000000000306906336350000000000295890006000000000007989
001001010000000000000046156280000000000306906336350000000000208490006000000000005629
001001010000000001111146156280000000000306906336350000000000000330005000000000000007
001001010000000000000046156180000000000306906336350000000000757990006000000000020466
001001010000000001111146156180000000000306906336350000000000000440005000000000000009
001001010000000000000046375180000000000306906336350000000000479250006000000000012940
001001010000000001111146375180000000000306906336350000000000000070005000000000000001
001000040000000000000000312880000000000203022264160000000000413220005000000000008678
001000010000000000000000021080000000000307117402080000000012395240005000000000260300
001000030000000000000003169680000000000336800218190000000001138420005000000000023907
001002640000000000000012461180000000000305011111270000000365180380005000000007668788
001002640000000000000012461280000000000305011111270000000733644710005000000015406539
003002640000000000000000128080000000000305011111270000000008041700005000000000168876
001002640000000000000012502880000000000305011111270000000134609110005000000002826791
001002640000000000000012502980000000000305011111270000000426043780005000000008946919
001002640000000000000012503080000000000305011111270000001037938220005000000021796703
003002640000000000000000129680000000000305011111270000000004159500005000000000087350
003002640000000000000000129780000000000305011111270000000028839210005000000000605624
001002640000000000000012544980000000000305011111270000000994932960005000000020893592
001002640000000000000012545080000000000305011111270000000486907170005000000010225051
003002640000000000000000131680000000000305011111270000000047972910005000000001007431
001000230000000000000003253780000000000305560955970000000076435200005000000001605139
001000200000000000000002540280000000000305053748660000000037623350005000000000790090
001005010000000000000015729280000000000305005308510000000217105350005000000004559212
001000210000000000000012451580000000000305528161680000000093729930005000000001968329
001000230000000000000003244780000000000305560955970000000003374400005000000000070862
003000220000000000000011243380000000000305560955970000000000853350005000000000017920
003000220000000000000011264480000000000305560955970000000007370190005000000000154774
003000220000000000000011273880000000000305560955970000000000205740005000000000004321
001005010000000000000015592480000000000305005308510000000217105350005000000004559212
003005010000000000000006630580000000000305005308510000000021528560005000000000452100
001005010000000000000015687480000000000305005308510000000144736900005000000003039475
001005010000000000000015629680000000000305005308510000000072368450005000000001519737
001000040000000000000000587480000000000306039558420000000003471070005000000000072892
001000030000000000000000017080000000000232629364490000000034060440005000000000715269
001000030000000000000000017180000000000232629364490000000035216990005000000000739557
001000030000000000000000017280000000000232629364490000000034445740005000000000723361
001000030000000000000000017880000000000232629364490000000035431170005000000000744054
001000030000000000000000017680000000000232629364490000000035216920005000000000739555
001000720000000000000001796180000000000306027640320000000000901360004000000000009464
001010100000000000000020102280000000000305011992530000000074782160005000000001570425
001010270000000000000000752380000000000305011992530000000196610930005000000004128829
001000320000000000000000570880000000000307102046710000000020068590005000000000421440
001000310000000000000001476580000000000307102046710000000058536810005000000001229273
001000310000000000000001476680000000000307102046710000000078617940005000000001650977
001000030000000000000000012780000000000307118236180000000014533200005000000000305197
001000110000000000000008483280000000000306392012320000000313623860005000000006586101
001000110000000000000008483380000000000306392012320000000206611080005000000004338833
001000050000000000000000367280000000000305863213890000000057166200005000000001200490
001000050000000000000000369880000000000305863213890000000057866600005000000001215199
001000060000000000000001770680000000000335218175990000000012056260005000000000253182
001000060000000000000001770580000000000335218175990000000003408600005000000000071581
001000060000000000000001826780000000000335218175990000000001004910005000000000021103
001000100000000000000005075880000000000306482704170000000033649200005000000000706633
001000210000000000000012313680000000000305528161680000000048692370005000000001022540
001000210000000000000012313580000000000305528161680000000121818670005000000002558192
003000210000000000000004035580000000000305528161680000000005090170005000000000106893
003000210000000000000004035680000000000305528161680000000001976670005000000000041510
001000040000000000000004975380000000000306883720850000000010210910005000000000214429
001000040000000001111114975380000000000306883720850000000002923930004000000000030701
001000040000000000000004975480000000000306883720850000000000812600005000000000017065
001000040000000001111114975480000000000306883720850000000001207950004000000000012684
001000040000000000000004975180000000000306883720850000000006084920005000000000127783
001000040000000001111114975180000000000306883720850000000000323260004000000000003394
001000040000000000000004975280000000000306883720850000000001056350005000000000022183
001000040000000000000005055880000000000306883720850000000007765620005000000000163078
001000030000000000000000254880000000000305009059280000000044574770005000000000936070
001000030000000000000000254980000000000305009059280000000042514840005000000000892812
001000030000000000000000255080000000000305009059280000000006595800005000000000138512
001000020000000000000001222580000000000201060217330000000034374000005000000000721854
001000740000000000000006508880000000000305030372260000000015241640005000000000320074
001000740000000000000006508980000000000305030372260000000030856850005000000000647994
001000740000000000000006573380000000000305030372260000000018141930005000000000380981
001000740000000000000006573480000000000305030372260000000007256770005000000000152392
001000030000000000000000464680000000000307149179580000000003616450005000000000075945
001000120000000000000008884280000000000305009710410000000010838290005000000000227604
001000120000000000000008884680000000000305009710410000000012647010005000000000265587
001000120000000000000008888080000000000305009710410000000104073970005000000002185553
001000090000000000000039380880000000000307072971540000000048388540005000000001016159
001000090000000000000039380980000000000307072971540000000036115640005000000000758429
001000090000000001111139380980000000000307072971540000000000344700004000000000003619
002000090000000000000000800480000000000307072971540000000000150000005000000000003150
001000040000000000000001403280000000000306754074160000000088662830005000000001861920
001000050000000000000000448580000000000306754074160000000019209000005000000000403389
001000040000000000000001506280000000000306092852610000000007659490005000000000160849
001000040000000000000001506380000000000306092852610000000001006680005000000000021140
001000030000000000000003167280000000000336800218190000000006332470005000000000132982
001000130000000000000017306380000000000305358963790000000012435350005000000000261142
001000230000000000000003119080000000000305358963790000000020931790005000000000439567
001000030000000000000000618580000000000307144693780000000033590260005000000000705396
001000230000000000000003155780000000000305560955970000000004943140005000000000103806
001000230000000000000003202580000000000305560955970000000001473560005000000000030945
001000230000000000000003202680000000000305560955970000000014710580005000000000308922
001000230000000000000003226580000000000305560955970000000013908720005000000000292083
001000230000000000000003228080000000000305560955970000000001473550005000000000030945
001000230000000000000003228180000000000305560955970000000123352520005000000002590403
001000030000000000000000001280000000000307140844250000000006751010005000000000141771
