00100007000000000000000018140000000000377440005000000000007926
00100007000000000000000018150000000000425700005000000000008940
00100007000000000000000018160000000000329990005000000000006930
00100007000000000000000018170000000000057850005000000000001215
00100007000000000000000018180000000000066120005000000000001389
00100007000000000000000018190000000000033810005000000000000710
00100007000000000000000018200000000000107410005000000000002256
00100007000000000000000018210000000000710780005000000000014926
00100007000000000000000018220000000000080080005000000000001682
00100007000000000000000018230000000000124340005000000000002611
00100007000000000000000018240000000000265000005000000000005565
00100007000000000000000018250000000000888640005000000000018662
00100007000000000000000018260000000000082900005000000000001741
00100007000000000000000018270000000000463640005000000000009736
00100007000000000000000018280000000000107530005000000000002258
00100007000000000000000018290000000000656740005000000000013792
00100007000000000000000018300000000000049880005000000000001047
00100007000000000000000018310000000000042770005000000000000898
00100007000000000000000018320000000000266260005000000000005591
00600004000000000000000013430000000019259520005000000000404450
00100007000000000000000018330000000000359100005000000000007541
00100007000000000000000018340000000004712230005000000000098957
00100007000000000000000018350000000000297940005000000000006257
00100007000000000000000018360000000000072350005000000000001519
00100007000000000000000018370000000000076920005000000000001615
00100007000000000000000018380000000000055310005000000000001162
00100007000000000000000018390000000002274100005000000000047756
00100007000000000000000018400000000000449580005000000000009441
00100007000000000000000018410000000000087810005000000000001844
00100007000000000000000018420000000000362130005000000000007605
00600007000000000000000003680000000000781860005000000000016419
00600007000000000000000003690000000000152090005000000000003194
00600007000000000000000003700000000000139090005000000000002921
00600007000000000000000003710000000000096660005000000000002030
00600007000000000000000003720000000000782560005000000000016434
00600004000000000000000013440000000007028930005000000000147608
00100007000000000000000018430000000000236030005000000000004957
00100007000000000000000018440000000000402520005000000000008453
00100007000000000000000018450000000000080580005000000000001692
00100007000000000000000018460000000000041530005000000000000872
00100007000000000000000018470000000000107600005000000000002260
00100007000000000000000018480000000000042150005000000000000885
00100007000000000000000018490000000000155950005000000000003275
00600004000000000000000013450000000012974400005000000000272462
00100007000000000000000018500000000000034710005000000000000729
00100007000000000000000018510000000018428760005000000000387004
00100007000000000000000018520000000000248310005000000000005215
00100007000000000000000018530000000004983320005000000000104650
00100007000000000000000018540000000000126450005000000000002655
00100007000000000000000018550000000001661370005000000000034889
00100007000000000000000018560000000000149630005000000000003142
00100007000000000000000018570000000000019900005000000000000418
00100007000000000000000018580000000000179100005000000000003761
00600007000000000000000003730000000000296450005000000000006225
00600007000000000000000003740000000000256400005000000000005385
00600004000000000000000013460000000009481010005000000000199101
00100007000000000000000018590000000000298110005000000000006260
00100007000000000000000018600000000000196690005000000000004131
00100007000000000000000018610000000000397010005000000000008337
00100007000000000000000018620000000000181930005000000000003821
00100007000000000000000018630000000000063210005000000000001328
00100007000000000000000018640000000000033010005000000000000693
00100007000000000000000018650000000000049590005000000000001041
00100007000000000000000018660000000000438030005000000000009199
00600007000000000000000003750000000000133130005000000000002796
00600007000000000000000003760000000000476030005000000000009997
00600007000000000000000003770000000003394380005000000000071282
00600007000000000000000003780000000000464480005000000000009754
00600007000000000000000003790000000000831630005000000000017464
00600007000000000000000003800000000003363470005000000000070633
00600007000000000000000003810000000000264700005000000000005559
00600004000000000000000013470000000005350990005000000000112371
00100007000000000000000018670000000000264460005000000000005554
00100007000000000000000018680000000000074630005000000000001567
00100007000000000000000018690000000000041320005000000000000868
00100007000000000000000018700000000000661690005000000000013895
00100007000000000000000018710000000000012730005000000000000267
00100007000000000000000018720000000000346040005000000000007267
00100007000000000000000018730000000000140920005000000000002959
00100007000000000000000018740000000000037230005000000000000782
00100007000000000000000018750000000000246570005000000000005178
00100007000000000000000018760000000001564770005000000000032860
00100007000000000000000018770000000001555130005000000000032658
00100007000000000000000018780000000000247830005000000000005205
00100007000000000000000018790000000000358270005000000000007524
00100007000000000000000018800000000000078570005000000000001650
00100007000000000000000018810000000000322730005000000000006777
00600007000000000000000003820000000000694190005000000000014578
00600004000000000000000013480000000010086280005000000000211812
00100007000000000000000018820000000001420060005000000000029821
00100007000000000000000018830000000000541160005000000000011364
00600007000000000000000003830000000013754020005000000000288835
00600007000000000000000003840000000013754020005000000000288835
00600007000000000000000003850000000013754020005000000000288835
00600007000000000000000003860000000013754020005000000000288835
00600004000000000000000013490000000008170250005000000000171575
00100007000000000000000018840000000000130790005000000000002746
00100007000000000000000018850000000000074460005000000000001564
00100007000000000000000018860000000001322740005000000000027778
00100007000000000000000018870000000000030420005000000000000639
00100007000000000000000018880000000000223230005000000000004688
00600004000000000000000013500000000006983470005000000000146653
00100007000000000000000018890000000000152810005000000000003209
00100007000000000000000018900000000000570970005000000000011990
00100007000000000000000018910000000000182310005000000000003829
00100007000000000000000018920000000001038040005000000000021799
00100007000000000000000018930000000000545470005000000000011455
00100007000000000000000018940000000000305570005000000000006417
00100007000000000000000018950000000000194580005000000000004086
00100007000000000000000018960000000000745290005000000000015651
00100007000000000000000018970000000000106780005000000000002242
00100007000000000000000018980000000000017350005000000000000364
00600007000000000000000003870000000000661140005000000000013884
00600007000000000000000003880000000000383350005000000000008050
00600007000000000000000003890000000000818180005000000000017182
00600004000000000000000013510000000012124800005000000000254621
00100007000000000000000018990000000112357850005000000002359515
00100007000000000000000019000000000000079140005000000000001662
00100007000000000000000019010000000000049640005000000000001042
00100007000000000000000019020000000000437290005000000000009183
00100007000000000000000019030000000000058310005000000000001225
00100007000000000000000019040000000006612160005000000000138855
00100007000000000000000019050000000000107450005000000000002257
00100007000000000000000019060000000000157260005000000000003303
00100007000000000000000019070000000002645480005000000000055555
00100007000000000000000019080000000264625020005000000005557125
00100007000000000000000019090000000000093440005000000000001962
00100007000000000000000019100000000000271510005000000000005702
00600007000000000000000003900000000000047070005000000000000988
00600007000000000000000003910000000000094130005000000000001977
00600007000000000000000003920000000000292020005000000000006132
00600007000000000000000003930000000000141070005000000000002962
00600007000000000000000003940000000000198400005000000000004166
00600007000000000000000003950000000000190310005000000000003997
00600004000000000000000013520000000012004300005000000000252090
00100007000000000000000019110000000000049580005000000000001041
00100007000000000000000019120000000000380040005000000000007981
00100007000000000000000019130000000000772790005000000000016229
00100007000000000000000019140000000000177730005000000000003732
00100007000000000000000019150000000000282400005000000000005930
00100007000000000000000019160000000000594990005000000000012495
00100007000000000000000019170000000000758680005000000000015932
00100007000000000000000019180000000000112400005000000000002360
00100007000000000000000019190000000000169880005000000000003567
00100007000000000000000019200000000000214880005000000000004513
00100007000000000000000019210000000000790790005000000000016607
00100007000000000000000019220000000000661170005000000000013885
00600007000000000000000003960000000000446900005000000000009385
00600007000000000000000003970000000000803280005000000000016869
00600004000000000000000013530000000010758680005000000000225932
00100007000000000000000019230000000000153830005000000000003231
00100007000000000000000019240000000000522450005000000000010971
00100007000000000000000019250000000000062660005000000000001316
00100007000000000000000019260000000000327270005000000000006873
00100007000000000000000019270000000003549640005000000000074543
00100007000000000000000019290000000052904820005000000001111001
00100007000000000000000019300000000000122940005000000000002582
00600007000000000000000003980000000000242360005000000000005089
00600007000000000000000003990000000000163640005000000000003436
00600004000000000000000013540000000010279350005000000000215866
00100007000000000000000019310000000009734600005000000000204426
00100007000000000000000019320000000000264740005000000000005559
00100007000000000000000019330000000000086410005000000000001815
00100007000000000000000019340000000000099300005000000000002085
00100007000000000000000019350000000000498060005000000000010459
00100007000000000000000019360000000001057880005000000000022215
00100007000000000000000019370000000001465350005000000000030772
00100007000000000000000019380000000004530990005000000000095151
00600007000000000000000004000000000000225620005000000000004738
00600007000000000000000004010000000000116610005000000000002449
00600004000000000000000013550000000009892560005000000000207744
00100007000000000000000019390000000000072780005000000000001528
00100007000000000000000019400000000000115690005000000000002429
00100007000000000000000019410000000000210210005000000000004415
00600004000000000000000013560000000006606610005000000000138739
00100007000000000000000019420000000000055370005000000000001163
00100007000000000000000019430000000169260250005000000003554465
00100007000000000000000019440000000458966850005000000009638304
00100007000000000000000019450000000000097740005000000000002052
00600007000000000000000004020000000028783390005000000000604451
00600007000000000000000004030000000002305880005000000000048423
00600007000000000000000004040000000000256210005000000000005380
00600007000000000000000004050000000006498780005000000000136474
00600007000000000000000004060000000001264460005000000000026554
00600007000000000000000004070000000001538430005000000000032307
00600007000000000000000004080000000001474500005000000000030965
00600007000000000000000004090000000001320250005000000000027725
00600007000000000000000004100000000000241650005000000000005075
00600007000000000000000004110000000005538350005000000000116305
00600007000000000000000004120000000014429630005000000000303022
00600007000000000000000004130000000001853140005000000000038916
00600004000000000000000013570000000006376040005000000000133897
00100007000000000000000019460000000000392690005000000000008246
00100007000000000000000019470000000001959300005000000000041145
00100007000000000000000019480000000000706700005000000000014841
00100007000000000000000019490000000000817440005000000000017166
00100007000000000000000019500000000000042150005000000000000885
00100007000000000000000019510000000000087460005000000000001837
00100007000000000000000019520000000000070250005000000000001475
00100007000000000000000019530000000001387410005000000000029136
00100007000000000000000019540000000000136880005000000000002874
00100007000000000000000019550000000000019630005000000000000412
00100007000000000000000019560000000000542010005000000000011382
00100007000000000000000019570000000002643360005000000000055511
00100007000000000000000019580000000005922600005000000000124375
00100007000000000000000019590000000000661170005000000000013885
00600007000000000000000004140000000000386790005000000000008122
00600007000000000000000004150000000000330630005000000000006943
00600007000000000000000004160000000000151740005000000000003186
00600004000000000000000013580000000010479850005000000000220077
00100007000000000000000019600000000001393300005000000000029259
00100007000000000000000019610000000001600950005000000000033620
00100007000000000000000019620000000000042150005000000000000885
00100007000000000000000019630000000001001040005000000000021022
00100007000000000000000019640000000000048010005000000000001008
00100007000000000000000019650000000000041850005000000000000879
00100007000000000000000019660000000000866160005000000000018189
00100007000000000000000019670000000000157360005000000000003304
00100007000000000000000019680000000000083060005000000000001744
00100007000000000000000019690000000001446280005000000000030372
00100007000000000000000019700000000000661170005000000000013885
00100007000000000000000019710000000000041400005000000000000869
00100007000000000000000019720000000000157020005000000000003298
00100007000000000000000019730000000000110880005000000000002328
00600007000000000000000004170000000000618180005000000000012982
00600004000000000000000013590000000006647950005000000000139607
00100007000000000000000019740000000000552650005000000000011606
00100007000000000000000019750000000000413930005000000000008692
00100007000000000000000019760000000001365870005000000000028683
00100007000000000000000019770000000000148710005000000000003123
00100007000000000000000019780000000000090950005000000000001910
00100007000000000000000019790000000000041540005000000000000872
00100007000000000000000019800000000000345790005000000000007262
00100007000000000000000019810000000000223390005000000000004691
00100007000000000000000019820000000000124560005000000000002616
00100007000000000000000019830000000228834040005000000004805515
00100007000000000000000019840000000000268600005000000000005641
00100007000000000000000019850000000010910060005000000000229111
00100007000000000000000019860000000000181840005000000000003819
00600007000000000000000004180000000000219020005000000000004600
00600004000000000000000013600000000008155400005000000000171263
00100007000000000000000019870000000000059560005000000000001251
00100007000000000000000019880000000001818840005000000000038196
00100007000000000000000019890000000000161040005000000000003382
00100007000000000000000019900000000000491730005000000000010326
00100007000000000000000019910000000000661170005000000000013885
00100007000000000000000019920000000000059010005000000000001239
00100007000000000000000019930000000000019670005000000000000413
00100007000000000000000019940000000262588020005000000005514348
00600007000000000000000004190000000000223140005000000000004686
00600007000000000000000004200000000000177720005000000000003732
00600004000000000000000013610000000007861160005000000000165084
00100007000000000000000019950000000000269750005000000000005665
00100007000000000000000019960000000000654550005000000000013745
00100007000000000000000019970000000000132230005000000000002777
00600007000000000000000004210000000000108470005000000000002278
00600004000000000000000013620000000001816530005000000000038147
00100007000000000000000019980000000000012440005000000000000261
00100007000000000000000019990000000218919930005000000004597319
00100007000000000000000020000000000000561200005000000000011785
00600004000000000000000013630000000002802480005000000000058852
00100007000000000000000020010000000000103770005000000000002179
00100007000000000000000020020000000000084290005000000000001770
00100007000000000000000020030000000008712920005000000000182971
00100007000000000000000020040000000002367840005000000000049725
00100007000000000000000020050000000000268620005000000000005641
00100007000000000000000020060000000000268620005000000000005641
00100007000000000000000020070000000001877660005000000000039431
00100007000000000000000020080000000000157690005000000000003311
00600007000000000000000004220000000000177730005000000000003732
00600007000000000000000004230000000001818220005000000000038183
00300007000000000000000000200000000000268620005000000000005641
00600004000000000000000013640000000010449610005000000000219442
00100007000000000000000020090000000001069930005000000000022468
00100007000000000000000020100000000000966990005000000000020307
00100007000000000000000020110000000008467310005000000000177814
00100007000000000000000020120000000032881090005000000000690503
00100007000000000000000020130000000000051280005000000000001077
00100007000000000000000020140000000001581020005000000000033202
00100007000000000000000020150000000000058310005000000000001225
00100007000000000000000020160000000001593220005000000000033458
00100007000000000000000020170000000000380040005000000000007981
00100007000000000000000020180000000001843190005000000000038707
00100007000000000000000020190000000000290910005000000000006109
00100007000000000000000020200000000000099050005000000000002080
00100007000000000000000020210000000000124780005000000000002620
00100007000000000000000020220000000000083800005000000000001760
00100007000000000000000020230000000000029530005000000000000620
00100007000000000000000020240000000000041820005000000000000878
00600007000000000000000004240000000000616530005000000000012947
00600007000000000000000004250000000000189880005000000000003987
00600007000000000000000004260000000000312980005000000000006572
00600007000000000000000004270000000005367830005000000000112725
00600007000000000000000004280000000000239500005000000000005030
00600004000000000000000013650000000008353720005000000000175428
00100007000000000000000020250000000000190010005000000000003990
00100007000000000000000020260000000000265550005000000000005576
00100007000000000000000020270000000000583760005000000000012259
00100007000000000000000020280000000000124200005000000000002608
00100007000000000000000020290000000000057920005000000000001216
00100007000000000000000020300000000003527290005000000000074073
00100007000000000000000020310000000000087810005000000000001844
00100007000000000000000020320000000000041020005000000000000861
00100007000000000000000020330000000000339290005000000000007125
00600007000000000000000004290000000000040390005000000000000848
00600007000000000000000004300000000000000000006000000000000000
00600004000000000000000013660000000014485950005000000000304205
00100007000000000000000020340000000000694660005000000000014588
00100007000000000000000020350000000010912650005000000000229166
00100007000000000000000020360000000000083350005000000000001750
00100007000000000000000020370000000000379340005000000000007966
00100007000000000000000020380000000000087810005000000000001844
00100007000000000000000020390000000001484190005000000000031168
00100007000000000000000020400000000000272820005000000000005729
00100007000000000000000020410000000000020750005000000000000436
00100007000000000000000020420000000097937920005000000002056696
00100007000000000000000020430000000000148930005000000000003127
00100007000000000000000020440000000000111570005000000000002343
00600007000000000000000004310000000000070810005000000000001487
00600004000000000000000013670000000012669420005000000000266058
00100007000000000000000020450000000001420410005000000000029829
00600007000000000000000004320000000000194590005000000000004086
00600004000000000000000013680000000001614060005000000000033895
00600005000000000000000093110000000000155370005000000000003263
00600005000000000000000093120000000000363640005000000000007636
00600005000000000000000093130000000000478680005000000000010052
00600005000000000000000093140000000004045450005000000000084955
00600005000000000000000093150000000000212400005000000000004460
00600005000000000000000093160000000002423140005000000000050886
00600005000000000000000093170000000000074380005000000000001562
00600005000000000000000093180000000002809920005000000000059008
00600005000000000000000093190000000000574210005000000000012059
00600005000000000000000093200000000004068930005000000000085447
00600005000000000000000093210000000002975210005000000000062479
00600005000000000000000093220000000001297520005000000000027248
00600005000000000000000093230000000003562810005000000000074819
00600005000000000000000093240000000000305790005000000000006421
00600005000000000000000093250000000000181820005000000000003818
00100005000000000000000054280000000001145460005000000000024055
00100005000000000000000054290000000000078510005000000000001649
00100005000000000000000054300000000000545460005000000000011455
00100005000000000000000054310000000001859550005000000000039051
00600005000000000000000093260000000000333060005000000000006994
00600005000000000000000093270000000000388430005000000000008157
00600005000000000000000093280000000000177720005000000000003732
00600005000000000000000093290000000000495870005000000000010413
00600005000000000000000093300000000000640500005000000000013450
00600005000000000000000093310000000000173550005000000000003645
00600005000000000000000093320000000000089260005000000000001874
00600005000000000000000093330000000000123970005000000000002603
00600005000000000000000093340000000000123970005000000000002603
00600005000000000000000093350000000000202480005000000000004252
00600005000000000000000093360000000001797520005000000000037748
00600005000000000000000093370000000001363640005000000000028636
00600005000000000000000093380000000000512400005000000000010760
00600005000000000000000093390000000000611570005000000000012843
00100006000000000000000001570000000025000000005000000000525000
00100006000000000000000001580000000018023000005000000000378483
00100006000000000000000001590000000040044000005000000000840924
00100006000000000000000001600000000011000000005000000000231000
00100006000000000000000001610000000034500000005000000000724500
00100005000000000000000054320000000001322400005000000000027770
00600005000000000000000093400000000000404960005000000000008504
00600005000000000000000093410000000000297520005000000000006248
00600005000000000000000093420000000002669050005000000000056050
00600005000000000000000093430000000000061980005000000000001302
00600005000000000000000093440000000000111570005000000000002343
00600005000000000000000093450000000000132230005000000000002777
00600005000000000000000093460000000000185950005000000000003905
00600005000000000000000093470000000001363640005000000000028636
00600005000000000000000093480000000000061980005000000000001302
00600005000000000000000093490000000000330580005000000000006942
00600005000000000000000093500000000003003310005000000000063069
00600005000000000000000093510000000003497520005000000000073448
00600005000000000000000093520000000000169420005000000000003558
00100005000000000000000054330000000001581820005000000000033218
00100005000000000000000054340000000000297520005000000000006248
00100005000000000000000054350000000000322300005000000000006768
00100005000000000000000054360000000001239700005000000000026034
00600005000000000000000093530000000000037190005000000000000781
00600005000000000000000093540000000001797520005000000000037748
00600005000000000000000093550000000000347110005000000000007289
00600005000000000000000093560000000001476030005000000000030997
00600005000000000000000093570000000000123970005000000000002603
00600005000000000000000093580000000000206610005000000000004339
00600005000000000000000093590000000000545450005000000000011455
00600005000000000000000093600000000003768600005000000000079140
00600005000000000000000093610000000000123970005000000000002603
00100005000000000000000054370000000001177650005000000000024731
00100005000000000000000054380000000000039660005000000000000833
00100005000000000000000054390000000001611610005000000000033844
00600005000000000000000093620000000002012400005000000000042260
00600005000000000000000093630000000001140080005000000000023942
00600005000000000000000093640000000000165290005000000000003471
00600005000000000000000093650000000000033060005000000000000694
00600005000000000000000093660000000000512400005000000000010760
00600005000000000000000093670000000002231400005000000000046860
00600005000000000000000093680000000001252070005000000000026293
00600005000000000000000093690000000000173550005000000000003645
00600005000000000000000093700000000000650250005000000000013655
00600005000000000000000093710000000001115700005000000000023430
00600005000000000000000093720000000000285120005000000000005988
00600005000000000000000093730000000001752070005000000000036793
00600005000000000000000093740000000003347110005000000000070289
00600005000000000000000093750000000001057850005000000000022215
00600005000000000000000093760000000000661160005000000000013884
00600005000000000000000093770000000001942150005000000000040785
00100005000000000000000054400000000000473550005000000000009945
00600005000000000000000093780000000000280990005000000000005901
00600005000000000000000093790000000000469220005000000000009854
00600005000000000000000093800000000000962480005000000000020212
00600005000000000000000093810000000003739670005000000000078533
00600005000000000000000093820000000000297520005000000000006248
00600005000000000000000093830000000001731400005000000000036360
00600005000000000000000093840000000000175210005000000000003679
00600005000000000000000093850000000000735540005000000000015446
00600005000000000000000093860000000000696690005000000000014631
00600005000000000000000093870000000000197520005000000000004148
00600005000000000000000093880000000000037190005000000000000781
00600005000000000000000093890000000000363640005000000000007636
00600005000000000000000093900000000000074380005000000000001562
00600005000000000000000093910000000000041320005000000000000868
00600005000000000000000093920000000000074380005000000000001562
00600005000000000000000093930000000000619830005000000000013017
00600005000000000000000093940000000000756200005000000000015880
00600005000000000000000093950000000000528930005000000000011107
00100005000000000000000054410000000000099180005000000000002083
00600005000000000000000093960000000000247850005000000000005205
00600005000000000000000093970000000001333060005000000000027994
00600005000000000000000093980000000000586780005000000000012322
00600005000000000000000093990000000013753720005000000000288828
00600005000000000000000094000000000001350080005000000000028352
00600005000000000000000094010000000000367440005000000000007716
00600005000000000000000094020000000001762810005000000000037019
00600005000000000000000094030000000000516530005000000000010847
00600005000000000000000094040000000002722310005000000000057169
00600005000000000000000094050000000000659090005000000000013841
00600005000000000000000094060000000000123970005000000000002603
00100005000000000000000054420000000002198300005000000000046164
00600005000000000000000094070000000001798350005000000000037765
00600005000000000000000094080000000003313220005000000000069578
00600005000000000000000094090000000001838020005000000000038598
00600005000000000000000094100000000000396690005000000000008331
00600005000000000000000094110000000000512400005000000000010760
00600005000000000000000094120000000000967270005000000000020313
00600005000000000000000094130000000000131740005000000000002766
00600005000000000000000094140000000001138020005000000000023898
00600005000000000000000094150000000000128100005000000000002690
00600005000000000000000094160000000000475210005000000000009979
00100005000000000000000054430000000036364000005000000000763644
00100005000000000000000054440000000004099200005000000000086083
00600005000000000000000094170000000001256200005000000000026380
00600005000000000000000094180000000003739670005000000000078533
00600005000000000000000094190000000001507440005000000000031656
00600005000000000000000094200000000001024790005000000000021521
00600005000000000000000094210000000000016530005000000000000347
00600005000000000000000094220000000000227270005000000000004773
00600005000000000000000094230000000000669420005000000000014058
00600005000000000000000094240000000000330570005000000000006942
00600005000000000000000094250000000000429750005000000000009025
00600005000000000000000094260000000000391740005000000000008226
00600005000000000000000094270000000001939670005000000000040733
00100005000000000000000054450000000005223200005000000000109687
00600005000000000000000094280000000000942150005000000000019785
00600005000000000000000094290000000000454550005000000000009545
00600005000000000000000094300000000000859500005000000000018050
00600005000000000000000094310000000000272730005000000000005727
00600005000000000000000094320000000000528930005000000000011107
00600005000000000000000094330000000000157020005000000000003298
00600005000000000000000094340000000000206610005000000000004339
00600005000000000000000094350000000000148760005000000000003124
00600005000000000000000094360000000001303140005000000000027366
00600005000000000000000094370000000000619830005000000000013017
00600005000000000000000094380000000000316530005000000000006647
00600005000000000000000094390000000000161160005000000000003384
00600005000000000000000094400000000001972560005000000000041424
00600005000000000000000094410000000000057850005000000000001215
00600005000000000000000094420000000000210740005000000000004426
00600005000000000000000094430000000000388430005000000000008157
00600005000000000000000094440000000000019010005000000000000399
00600005000000000000000094450000000000809920005000000000017008
00600005000000000000000094460000000000243800005000000000005120
00100005000000000000000054460000000001416960005000000000029756
00100005000000000000000054470000000000132230005000000000002777
00600005000000000000000094470000000000840170005000000000017643
00600005000000000000000094480000000000379340005000000000007966
00600005000000000000000094490000000000173550005000000000003645
00600005000000000000000094500000000000078510005000000000001649
00600005000000000000000094510000000000227270005000000000004773
00600005000000000000000094520000000000471070005000000000009893
00600005000000000000000094530000000000024790005000000000000521
00600005000000000000000094540000000003962810005000000000083219
00600005000000000000000094550000000002640170005000000000055443
00600005000000000000000094560000000001138020005000000000023898
00600005000000000000000094570000000000929750005000000000019525
00600005000000000000000094580000000000173550005000000000003645
00600005000000000000000094590000000000842980005000000000017702
00600005000000000000000094600000000000347110005000000000007289
00600005000000000000000094610000000000247930005000000000005207
00600005000000000000000094620000000002857020005000000000059998
00600005000000000000000094630000000000079340005000000000001666
00600005000000000000000094640000000000078510005000000000001649
00600005000000000000000094650000000000218180005000000000004582
00100005000000000000000054480000000000603300005000000000012669
00100005000000000000000054490000000000446100005000000000009368
00600005000000000000000094660000000000661160005000000000013884
00600005000000000000000094670000000001466120005000000000030788
00600005000000000000000094680000000002931400005000000000061560
00600005000000000000000094690000000001314050005000000000027595
00600005000000000000000094700000000000309920005000000000006508
00600005000000000000000094710000000002654130005000000000055737
00600005000000000000000094720000000000826450005000000000017355
00600005000000000000000094730000000000119830005000000000002517
00600005000000000000000094740000000002088100005000000000043850
00600005000000000000000094750000000001540500005000000000032350
00600005000000000000000094760000000002022840005000000000042480
00600005000000000000000094770000000002225120005000000000046728
00100005000000000000000054500000000002562000005000000000053802
00100005000000000000000054510000000003636400005000000000076364
00600005000000000000000094780000000000024790005000000000000521
00600005000000000000000094790000000001060660005000000000022274
00600005000000000000000094800000000000491740005000000000010326
00600005000000000000000094810000000000049590005000000000001041
00600005000000000000000094820000000000983310005000000000020649
00600005000000000000000094830000000002148760005000000000045124
00600005000000000000000094840000000001039670005000000000021833
00600005000000000000000094850000000006611570005000000000138843
00600005000000000000000094860000000003922640005000000000082376
00600005000000000000000094870000000006446280005000000000135372
00600005000000000000000094880000000000066120005000000000001388
00100005000000000000000054520000000001090920005000000000022909
00600005000000000000000094890000000000634710005000000000013329
00600005000000000000000094900000000003801600005000000000079833
00600005000000000000000094910000000000203310005000000000004269
00600005000000000000000094920000000000264460005000000000005554
00600005000000000000000094930000000000247930005000000000005207
00100005000000000000000054530000000000727280005000000000015273
00100005000000000000000054540000000000281000005000000000005901
00600005000000000000000094940000000000157020005000000000003298
00600005000000000000000094950000000003537170005000000000074281
00600005000000000000000094960000000002502480005000000000052552
00600005000000000000000094970000000000413220005000000000008678
00600005000000000000000094980000000000218180005000000000004582
00600005000000000000000094990000000001488430005000000000031257
00600005000000000000000095000000000000513220005000000000010778
00600005000000000000000095010000000000115700005000000000002430
00100005000000000000000054550000000001239700005000000000026034
00100005000000000000000054560000000000495880005000000000010413
00100005000000000000000054570000000000181820005000000000003818
00600005000000000000000095020000000000317360005000000000006664
00600005000000000000000095030000000000204960005000000000004304
00600005000000000000000095040000000003799590005000000000079791
00600005000000000000000095050000000002312400005000000000048560
00600005000000000000000095060000000000409090005000000000008591
00600005000000000000000095070000000000202480005000000000004252
00600005000000000000000095080000000015004790005000000000315101
00600005000000000000000095090000000000256200005000000000005380
00600005000000000000000095100000000000991740005000000000020826
00600005000000000000000095110000000000272730005000000000005727
00600005000000000000000095120000000001325620005000000000027838
00600005000000000000000095130000000000247930005000000000005207
00600005000000000000000095140000000000371900005000000000007810
00600005000000000000000095150000000000310740005000000000006526
00100001000000000000000516280000000000076860005000000000001614
00600005000000000000000095160000000000433060005000000000009094
00600005000000000000000095170000000002676860005000000000056214
00600005000000000000000095180000000001003310005000000000021069
00600005000000000000000095190000000000157020005000000000003297
00600005000000000000000095200000000001487600005000000000031240
00600005000000000000000095210000000000074380005000000000001562
00600005000000000000000095220000000000247930005000000000005207
00600005000000000000000095230000000000363640005000000000007636
00600005000000000000000095240000000004076860005000000000085614
00600005000000000000000095250000000000495870005000000000010413
00600005000000000000000095260000000000679340005000000000014266
00100005000000000000000054580000000001281000005000000000026901
00600005000000000000000095270000000000475210005000000000009979
00600005000000000000000095280000000000289260005000000000006074
00600005000000000000000095290000000000217360005000000000004564
00600005000000000000000095300000000005492560005000000000115344
00600005000000000000000095310000000003842980005000000000080702
00600005000000000000000095320000000000404960005000000000008504
00600005000000000000000095330000000006433880005000000000135112
00600005000000000000000095340000000003157020005000000000066297
00600005000000000000000095350000000001900830005000000000039917
00600005000000000000000095360000000001066310005000000000022393
00600005000000000000000095370000000000495870005000000000010413
00600005000000000000000095380000000000123970005000000000002603
00100005000000000000000054590000000003371940005000000000070811
00100005000000000000000054600000000000173570005000000000003645
00600005000000000000000095390000000001995870005000000000041913
00600005000000000000000095400000000001517360005000000000031864
00600005000000000000000095410000000001190080005000000000024992
00600005000000000000000095420000000000776860005000000000016314
00600005000000000000000095430000000000305790005000000000006421
00600005000000000000000095440000000000140500005000000000002950
00600005000000000000000095450000000000802070005000000000016843
00600005000000000000000095460000000000438020005000000000009198
00600005000000000000000095470000000000396690005000000000008331
00600005000000000000000095480000000000219010005000000000004599
00600005000000000000000095490000000003719010005000000000078099
00600005000000000000000095500000000001214880005000000000025512
00600005000000000000000095510000000000669420005000000000014058
00600005000000000000000095520000000000528930005000000000011107
00600005000000000000000095530000000000441320005000000000009268
00600005000000000000000095540000000000123970005000000000002603
00600005000000000000000095550000000000396690005000000000008331
00100005000000000000000054610000000000247940005000000000005207
00100005000000000000000054620000000010222840005000000000214680
00600005000000000000000095560000000000297520005000000000006248
00600005000000000000000095570000000000376030005000000000007897
00600005000000000000000095580000000000185950005000000000003905
00600005000000000000000095590000000000119830005000000000002517
00600005000000000000000095600000000000065700005000000000001380
00600005000000000000000095610000000000254550005000000000005345
00100005000000000000000054630000000000947100005000000000019889
00600005000000000000000095620000000000330580005000000000006942
00600005000000000000000095630000000000850410005000000000017859
00600005000000000000000095640000000000247930005000000000005207
00600005000000000000000095650000000000057020005000000000001198
00600005000000000000000095660000000001644630005000000000034537
00600005000000000000000095670000000007438020005000000000156198
00600005000000000000000095680000000000109090005000000000002291
00600005000000000000000095690000000000247930005000000000005207
00100005000000000000000054640000000000132230005000000000002777
00600005000000000000000095700000000001332730005000000000027987
00600005000000000000000095710000000000165290005000000000003471
00600005000000000000000095720000000000322310005000000000006769
00600005000000000000000095730000000000496690005000000000010431
00600005000000000000000095740000000000256200005000000000005380
00600005000000000000000095750000000000396690005000000000008331
00600005000000000000000095760000000001528930005000000000032107
00600005000000000000000095770000000000595040005000000000012496
00600005000000000000000095780000000000078510005000000000001649
00600005000000000000000095790000000000053720005000000000001128
00600005000000000000000095800000000000867770005000000000018223
00600005000000000000000095810000000000392560005000000000008244
00100005000000000000000054650000000008956300005000000000188082
00100005000000000000000054660000000015491140005000000000325314
00100005000000000000000054670000000000454550005000000000009546
00600005000000000000000095820000000004256200005000000000089380
00600005000000000000000095830000000000528930005000000000011107
00600005000000000000000095840000000000289260005000000000006074
00600005000000000000000095850000000000454550005000000000009545
00600005000000000000000095860000000000652890005000000000013711
00600005000000000000000095870000000000462810005000000000009719
00600005000000000000000095880000000000678680005000000000014252
00600005000000000000000095890000000002764460005000000000058054
00600005000000000000000095900000000001818180005000000000038182
00600005000000000000000095910000000000652890005000000000013711
00600005000000000000000095920000000000148760005000000000003124
00100005000000000000000054680000000000112400005000000000002360
00600005000000000000000095930000000004338840005000000000091116
00600005000000000000000095940000000000863640005000000000018136
00600005000000000000000095950000000000185950005000000000003905
00600005000000000000000095960000000004054550005000000000085145
00600005000000000000000095970000000001487600005000000000031240
00600005000000000000000095980000000000240500005000000000005050
00600005000000000000000095990000000000446270005000000000009372
00600005000000000000000096000000000000919340005000000000019306
00600005000000000000000096010000000002826450005000000000059355
00600005000000000000000096020000000001995870005000000000041913
00600005000000000000000096030000000000181820005000000000003818
00600005000000000000000096040000000001942100005000000000040784
00600005000000000000000096050000000000041320005000000000000868
00600005000000000000000096060000000001847110005000000000038789
00600005000000000000000096070000000002809920005000000000059008
00600005000000000000000096080000000002140500005000000000044950
00600005000000000000000096090000000006033060005000000000126694
00600005000000000000000096100000000000495870005000000000010413
00600005000000000000000096110000000000219010005000000000004599
