08200002000000000000000146920000000000168600005000000000003541
08200002000000000000000146930000000000082640005000000000001736
08200002000000000000000146940000000000082640005000000000001736
08200002000000000000000146950000000000037190005000000000000781
08200002000000000000000146960000000000090910005000000000001909
08200002000000000000000146970000000000045450005000000000000955
08200002000000000000000146980000000000070250005000000000001475
08200002000000000000000146990000000000037190005000000000000781
08200002000000000000000147000000000000016530005000000000000347
08200002000000000000000147010000000000045450005000000000000955
08200002000000000000000147020000000000057850005000000000001215
08200002000000000000000147030000000000033060005000000000000694
08200002000000000000000147040000000000066120005000000000001388
08200002000000000000000147050000000000057850005000000000001215
08200002000000000000000147060000000000016530005000000000000347
08200002000000000000000147070000000000128100005000000000002690
08200002000000000000000147080000000000082640005000000000001736
08200002000000000000000147090000000000123970005000000000002603
08200002000000000000000147100000000000074380005000000000001562
08200002000000000000000147110000000000082640005000000000001736
08200002000000000000000147120000000000033060005000000000000694
08200002000000000000000147130000000000045450005000000000000955
08200002000000000000000147140000000000029750005000000000000625
08200002000000000000000147150000000000078510005000000000001649
08200002000000000000000147160000000000033060005000000000000694
08200002000000000000000147170000000000103310005000000000002169
08200002000000000000000147180000000000049590005000000000001041
08200002000000000000000147190000000000033060005000000000000694
08200002000000000000000147200000000000037190005000000000000781
08200002000000000000000147210000000000074380005000000000001562
08200002000000000000000147220000000000044630005000000000000937
08200002000000000000000147230000000000190080005000000000003992
08200002000000000000000147240000000000103310005000000000002169
08200002000000000000000147250000000000045450005000000000000955
08200002000000000000000147260000000000028930005000000000000607
08200002000000000000000147270000000000074380005000000000001562
08200002000000000000000147280000000000053720005000000000001128
08200002000000000000000147290000000000045450005000000000000955
08200002000000000000000147300000000000037190005000000000000781
08200002000000000000000147310000000000057850005000000000001215
08200002000000000000000147320000000000095040005000000000001996
08200002000000000000000147330000000000074380005000000000001562
08200002000000000000000147340000000000059500005000000000001250
08200002000000000000000147350000000000028930005000000000000607
08200002000000000000000147360000000000074380005000000000001562
08200002000000000000000147370000000000078510005000000000001649
08200002000000000000000147380000000000061980005000000000001302
08200002000000000000000147390000000000049590005000000000001041
08200002000000000000000147400000000000066120005000000000001388
08200002000000000000000147410000000000049590005000000000001041
08200002000000000000000147420000000000059500005000000000001250
08200002000000000000000147430000000000095040005000000000001996
08200002000000000000000147440000000000070250005000000000001475
08200002000000000000000147450000000000078510005000000000001649
08200002000000000000000147460000000000066120005000000000001388
08200002000000000000000147470000000000082640005000000000001736
08200002000000000000000147480000000000099170005000000000002083
08200002000000000000000147490000000000053720005000000000001128
08200002000000000000000147500000000000078510005000000000001649
08200002000000000000000147510000000000041320005000000000000868
08200002000000000000000147520000000000074380005000000000001562
08200002000000000000000147530000000000033060005000000000000694
08200002000000000000000147540000000000099170005000000000002083
08200002000000000000000147550000000000049590005000000000001041
08200002000000000000000147560000000000061980005000000000001302
08200002000000000000000147570000000000111570005000000000002343
08200002000000000000000147580000000000119830005000000000002517
08200002000000000000000147590000000000037190005000000000000781
08200002000000000000000147600000000000024790005000000000000521
08200002000000000000000147610000000000045450005000000000000955
08200002000000000000000147620000000000090910005000000000001909
08200002000000000000000147630000000000074380005000000000001562
08200002000000000000000147640000000000033060005000000000000694
08200002000000000000000147650000000000090910005000000000001909
08200002000000000000000147660000000000198350005000000000004165
08200002000000000000000147670000000000074380005000000000001562
08200002000000000000000147680000000000096690005000000000002031
08200002000000000000000147690000000000078510005000000000001649
08200002000000000000000147700000000000099170005000000000002083
08200002000000000000000147710000000000136360005000000000002864
08200002000000000000000147720000000000037190005000000000000781
08200002000000000000000147730000000000049590005000000000001041
08200002000000000000000147740000000000086780005000000000001822
08200002000000000000000147750000000000033060005000000000000694
08200002000000000000000147760000000000037190005000000000000781
08200002000000000000000147770000000000045450005000000000000955
08200002000000000000000147780000000000049590005000000000001041
08200002000000000000000147790000000000057850005000000000001215
08200002000000000000000147800000000000061980005000000000001302
08200002000000000000000147810000000000095040005000000000001996
08200002000000000000000147820000000000061980005000000000001302
08200002000000000000000147830000000000136360005000000000002864
08200002000000000000000147840000000000061980005000000000001302
08200002000000000000000147850000000000028930005000000000000607
08200002000000000000000147860000000000024790005000000000000521
08200002000000000000000147870000000000107440005000000000002256
08200002000000000000000147880000000000165290005000000000003471
08200002000000000000000147890000000000041320005000000000000868
08200002000000000000000147900000000000066120005000000000001388
08200002000000000000000147910000000000099170005000000000002083
08200002000000000000000147920000000000082640005000000000001736
08200002000000000000000147930000000000041320005000000000000868
08200002000000000000000147940000000000082640005000000000001736
08200002000000000000000147950000000000045450005000000000000955
08200002000000000000000147960000000000128100005000000000002690
08200002000000000000000147970000000000041320005000000000000868
08200002000000000000000147980000000000049590005000000000001041
08200002000000000000000147990000000000177690005000000000003731
08200002000000000000000148000000000000033060005000000000000694
08200002000000000000000148010000000000066120005000000000001388
08200002000000000000000148020000000000016530005000000000000347
08200002000000000000000148030000000000033060005000000000000694
08200002000000000000000148040000000000061980005000000000001302
08200002000000000000000148050000000000111570005000000000002343
08200002000000000000000148060000000000066120005000000000001388
08200002000000000000000148070000000000033060005000000000000694
08200002000000000000000148080000000000033060005000000000000694
08200002000000000000000148090000000000040910005000000000000859
08200002000000000000000148100000000000078510005000000000001649
08200002000000000000000148110000000000140500005000000000002950
08200002000000000000000148120000000000066120005000000000001388
08200002000000000000000148130000000000119830005000000000002517
08200002000000000000000148140000000000206610005000000000004339
08200002000000000000000148150000000000078510005000000000001649
08200002000000000000000148160000000000078510005000000000001649
08200002000000000000000148170000000000090910005000000000001909
08200002000000000000000148190000000000074380005000000000001562
08200002000000000000000148200000000000181820005000000000003818
08200002000000000000000148210000000000016530005000000000000347
08200002000000000000000148220000000000037190005000000000000781
08200002000000000000000148230000000000045450005000000000000955
08200002000000000000000148240000000000033060005000000000000694
08200002000000000000000148250000000000045450005000000000000955
08200002000000000000000148260000000000057850005000000000001215
08200002000000000000000148270000000000045450005000000000000955
08200002000000000000000148280000000000090910005000000000001909
08200002000000000000000148290000000000090910005000000000001909
08200002000000000000000148300000000000078510005000000000001649
08200002000000000000000148310000000000061980005000000000001302
08200002000000000000000148320000000000049590005000000000001041
08200002000000000000000148330000000000086780005000000000001822
08200002000000000000000148340000000000033060005000000000000694
08200002000000000000000148350000000000070250005000000000001475
08200002000000000000000148360000000000049590005000000000001041
08200002000000000000000148370000000000041320005000000000000868
08200002000000000000000148380000000000016530005000000000000347
08200002000000000000000148390000000000037190005000000000000781
08200002000000000000000148400000000000028930005000000000000607
08200002000000000000000148410000000000033060005000000000000694
08200002000000000000000148420000000000028930005000000000000607
08200002000000000000000148430000000000033060005000000000000694
08200002000000000000000148440000000000037190005000000000000781
08200002000000000000000148450000000000082640005000000000001736
08200002000000000000000148460000000000045450005000000000000955
08200002000000000000000148470000000000074380005000000000001562
08200002000000000000000148480000000000037190005000000000000781
08200002000000000000000148490000000000016530005000000000000347
08200002000000000000000148500000000000053720005000000000001128
08200002000000000000000148510000000000008260005000000000000174
08200002000000000000000148520000000000033060005000000000000694
08200002000000000000000148530000000000136360005000000000002864
08200002000000000000000148540000000000024790005000000000000521
08200002000000000000000148550000000000020660005000000000000434
08200002000000000000000148560000000000024790005000000000000521
08200002000000000000000148570000000000061980005000000000001302
08200002000000000000000148580000000000041320005000000000000868
08200002000000000000000148590000000000020660005000000000000434
08200002000000000000000148600000000000107440005000000000002256
08200002000000000000000148610000000000045450005000000000000955
08200002000000000000000148620000000000489670005000000000010283
08200002000000000000000148630000000000037190005000000000000781
08200002000000000000000148640000000000024790005000000000000521
08200002000000000000000148650000000000028930005000000000000607
08200002000000000000000148660000000000037190005000000000000781
08200002000000000000000148670000000000045450005000000000000955
08200002000000000000000148680000000000024790005000000000000521
08200002000000000000000148690000000000024790005000000000000521
08200002000000000000000148700000000000041320005000000000000868
08200002000000000000000148710000000000024790005000000000000521
08200002000000000000000148720000000000048350005000000000001015
08200002000000000000000148730000000000028930005000000000000607
08200002000000000000000148740000000000057850005000000000001215
08200002000000000000000148750000000000123970005000000000002603
08200002000000000000000148760000000000061980005000000000001302
08200002000000000000000148770000000000033060005000000000000694
08200002000000000000000148780000000000041320005000000000000868
08200002000000000000000148790000000000053720005000000000001128
08200002000000000000000148800000000000115700005000000000002430
08200002000000000000000148810000000000152890005000000000003211
08200002000000000000000148820000000000033060005000000000000694
08200002000000000000000148830000000000111570005000000000002343
08200002000000000000000148840000000000045450005000000000000955
08200002000000000000000148850000000000252070005000000000005293
08200002000000000000000148860000000000082640005000000000001736
08200002000000000000000148870000000000016530005000000000000347
08200002000000000000000148880000000000016530005000000000000347
08200002000000000000000148890000000000037190005000000000000781
08200002000000000000000148900000000000157020005000000000003298
08200002000000000000000148910000000000049590005000000000001041
08200002000000000000000148920000000000074380005000000000001562
08200002000000000000000148930000000000087600005000000000001840
08200002000000000000000148940000000000074380005000000000001562
08200002000000000000000148950000000000103310005000000000002169
08200002000000000000000148960000000000033060005000000000000694
08200002000000000000000148970000000000033060005000000000000694
08200002000000000000000148980000000000037190005000000000000781
08200002000000000000000148990000000000119830005000000000002517
08200002000000000000000149000000000000066120005000000000001388
08200002000000000000000149010000000000049590005000000000001041
08200002000000000000000149020000000000132230005000000000002777
08200002000000000000000149030000000000095040005000000000001996
08200002000000000000000149040000000000061980005000000000001302
08200002000000000000000149050000000000157020005000000000003298
08200002000000000000000149060000000000057850005000000000001215
08200002000000000000000149070000000000041320005000000000000868
08200002000000000000000149080000000000033060005000000000000694
08200002000000000000000149090000000000049590005000000000001041
08200002000000000000000149100000000000049590005000000000001041
08200002000000000000000149110000000000041320005000000000000868
08200002000000000000000149120000000000095040005000000000001996
08200002000000000000000149130000000000016530005000000000000347
08200002000000000000000149140000000000066120005000000000001388
08200002000000000000000149150000000000157020005000000000003298
08200002000000000000000149160000000000016530005000000000000347
08200002000000000000000149170000000000082640005000000000001736
08200002000000000000000149180000000000033060005000000000000694
08200002000000000000000149190000000000061980005000000000001302
08200002000000000000000149200000000000037190005000000000000781
08200002000000000000000149210000000000082640005000000000001736
08200002000000000000000149220000000000049590005000000000001041
08200002000000000000000149230000000000045450005000000000000955
08200002000000000000000149240000000000157020005000000000003298
08200002000000000000000149250000000000037190005000000000000781
08200002000000000000000149260000000000066120005000000000001388
08200002000000000000000149270000000000045450005000000000000955
08200002000000000000000149280000000000157020005000000000003298
08200002000000000000000149290000000000033060005000000000000694
08200002000000000000000149300000000000024790005000000000000521
08200002000000000000000149310000000000037190005000000000000781
08200002000000000000000149320000000000102480005000000000002152
08200002000000000000000149330000000000028930005000000000000607
08200002000000000000000149340000000000016530005000000000000347
08200002000000000000000149350000000000066120005000000000001388
08200002000000000000000149360000000000070660005000000000001484
08200002000000000000000149370000000000074380005000000000001562
08200002000000000000000149380000000000033060005000000000000694
08200002000000000000000149390000000000070250005000000000001475
08200002000000000000000149400000000000045450005000000000000955
08200002000000000000000149410000000000045450005000000000000955
08200002000000000000000149420000000000061980005000000000001302
08200002000000000000000149430000000000016530005000000000000347
08200002000000000000000149440000000000074380005000000000001562
08200002000000000000000149450000000000037190005000000000000781
08200002000000000000000149460000000000111570005000000000002343
08200002000000000000000149470000000000016530005000000000000347
08200002000000000000000149480000000000066120005000000000001388
08200002000000000000000149490000000000074380005000000000001562
08200002000000000000000149500000000000045450005000000000000955
08200002000000000000000149510000000000049590005000000000001041
08200002000000000000000149520000000000157020005000000000003298
08200002000000000000000149530000000000022310005000000000000469
08200002000000000000000149540000000000066120005000000000001388
08200002000000000000000149550000000000070250005000000000001475
08200002000000000000000149560000000000210740005000000000004426
08200002000000000000000149570000000000148760005000000000003124
08200002000000000000000149580000000000165290005000000000003471
08200002000000000000000149590000000000074380005000000000001562
08200002000000000000000149600000000000070250005000000000001475
08200002000000000000000149610000000000115700005000000000002430
08200002000000000000000149620000000000082640005000000000001736
08200002000000000000000149630000000000037190005000000000000781
08200002000000000000000149640000000000070250005000000000001475
08200002000000000000000149650000000000037190005000000000000781
08200002000000000000000149660000000000074380005000000000001562
08200002000000000000000149670000000000078510005000000000001649
08200002000000000000000149680000000000111570005000000000002343
08200002000000000000000149690000000000082640005000000000001736
08200002000000000000000149700000000000028930005000000000000607
08200002000000000000000149710000000000041320005000000000000868
08200002000000000000000149720000000000033060005000000000000694
08200002000000000000000149730000000000099170005000000000002083
08200002000000000000000149740000000000111570005000000000002343
08200002000000000000000149750000000000045450005000000000000955
08200002000000000000000149760000000000061980005000000000001302
08200002000000000000000149770000000000074380005000000000001562
08200002000000000000000149780000000000161160005000000000003384
08200002000000000000000149790000000000045450005000000000000955
08200002000000000000000149800000000000082640005000000000001736
08200002000000000000000149810000000000103310005000000000002169
08200002000000000000000149820000000000074380005000000000001562
08200002000000000000000149830000000000157020005000000000003298
08200002000000000000000149840000000000103310005000000000002169
08200002000000000000000149850000000000123970005000000000002603
08200002000000000000000149860000000000028930005000000000000607
08200002000000000000000149870000000000198350005000000000004165
08200002000000000000000149880000000000053720005000000000001128
08200002000000000000000149890000000000107440005000000000002256
08200002000000000000000149900000000000107440005000000000002256
08200002000000000000000149910000000000033060005000000000000694
08200002000000000000000149920000000000033060005000000000000694
08200002000000000000000149930000000000074380005000000000001562
08200002000000000000000149940000000000033060005000000000000694
08200002000000000000000149950000000000037190005000000000000781
08200002000000000000000149960000000000028930005000000000000607
08200002000000000000000149970000000000037190005000000000000781
08200002000000000000000149980000000000070250005000000000001475
08200002000000000000000149990000000000045450005000000000000955
08200002000000000000000150000000000000070250005000000000001475
08200002000000000000000150010000000000082640005000000000001736
08200002000000000000000150020000000000082640005000000000001736
08200002000000000000000150030000000000041320005000000000000868
08200002000000000000000150040000000000118180005000000000002482
08200002000000000000000150050000000000033060005000000000000694
08200002000000000000000150060000000000095040005000000000001996
08200002000000000000000150070000000000066120005000000000001388
08200002000000000000000150080000000000053720005000000000001128
08200002000000000000000150090000000000210740005000000000004426
08200002000000000000000150100000000000206610005000000000004339
08200002000000000000000150110000000000082640005000000000001736
08200002000000000000000150120000000000024790005000000000000521
08200002000000000000000150130000000000057850005000000000001215
08200002000000000000000150140000000000037190005000000000000781
08200002000000000000000150150000000000037190005000000000000781
08200002000000000000000150160000000000070250005000000000001475
08200002000000000000000150170000000000049590005000000000001041
08200002000000000000000150180000000000078510005000000000001649
08200002000000000000000150190000000000049590005000000000001041
08200002000000000000000150200000000000028930005000000000000607
08200002000000000000000150210000000000053720005000000000001128
08200002000000000000000150220000000000078510005000000000001649
08200002000000000000000150230000000000033060005000000000000694
08200002000000000000000150240000000000033060005000000000000694
08200002000000000000000150250000000000037190005000000000000781
08200002000000000000000150270000000000107440005000000000002256
08200002000000000000000150280000000000045450005000000000000955
08200002000000000000000150290000000000061980005000000000001302
08200002000000000000000150300000000000024790005000000000000521
08200002000000000000000150310000000000086780005000000000001822
08200002000000000000000150320000000000214880005000000000004512
08200002000000000000000150330000000000458680005000000000009632
08200002000000000000000150340000000000136360005000000000002864
08200002000000000000000150350000000000033060005000000000000694
08200002000000000000000150360000000000277690005000000000005831
08200002000000000000000150370000000000119830005000000000002517
08200002000000000000000150380000000000082640005000000000001736
08200002000000000000000150390000000000086780005000000000001822
08200002000000000000000150400000000000037190005000000000000781
08200002000000000000000150410000000000028930005000000000000607
08200002000000000000000150420000000000074380005000000000001562
08200002000000000000000150430000000000041320005000000000000868
08200002000000000000000150440000000000037190005000000000000781
08200002000000000000000150450000000000033060005000000000000694
08200002000000000000000150460000000000028930005000000000000607
08200002000000000000000150470000000000053720005000000000001128
08200002000000000000000150480000000000066120005000000000001388
08200002000000000000000150490000000000219010005000000000004599
08200002000000000000000150500000000000219010005000000000004599
08200002000000000000000150510000000000086780005000000000001822
08200002000000000000000150520000000000202480005000000000004252
08200002000000000000000150530000000000066120005000000000001388
08200002000000000000000150540000000000037190005000000000000781
08200002000000000000000150550000000000202480005000000000004252
08200002000000000000000150560000000000140500005000000000002950
08200002000000000000000150570000000000119830005000000000002517
08200002000000000000000150580000000000074380005000000000001562
08200002000000000000000150590000000000111570005000000000002343
08200002000000000000000150600000000000177690005000000000003731
08200002000000000000000150610000000000074380005000000000001562
08200002000000000000000150620000000000111570005000000000002343
08200002000000000000000150630000000000070250005000000000001475
08200002000000000000000150640000000000095040005000000000001996
08200002000000000000000150650000000000078510005000000000001649
08200002000000000000000150660000000000033060005000000000000694
08200002000000000000000150670000000000053720005000000000001128
08200002000000000000000150680000000000301650005000000000006335
08200002000000000000000150690000000000033060005000000000000694
08200002000000000000000150700000000000037190005000000000000781
08200002000000000000000150710000000000066120005000000000001388
08200002000000000000000150720000000000037190005000000000000781
08200002000000000000000150730000000000033060005000000000000694
08200002000000000000000150740000000000024790005000000000000521
08200002000000000000000150750000000000037190005000000000000781
08200002000000000000000150760000000000033060005000000000000694
08200002000000000000000150770000000000053720005000000000001128
08200002000000000000000150780000000000033060005000000000000694
08200002000000000000000150790000000000037190005000000000000781
08200002000000000000000150800000000000099170005000000000002083
08200002000000000000000150810000000000037190005000000000000781
08200002000000000000000150820000000000024790005000000000000521
08200002000000000000000150830000000000161160005000000000003384
08200002000000000000000150840000000000082640005000000000001736
08200002000000000000000150850000000000210740005000000000004426
08200002000000000000000150860000000000095040005000000000001996
08200002000000000000000150870000000000099170005000000000002083
08200002000000000000000150880000000000066120005000000000001388
08200002000000000000000150890000000000123970005000000000002603
08200002000000000000000150900000000000099170005000000000002083
08200002000000000000000150910000000000132230005000000000002777
08200002000000000000000150920000000000099170005000000000002083
08200002000000000000000150930000000000033060005000000000000694
08200002000000000000000150940000000000099170005000000000002083
08200002000000000000000150950000000000239670005000000000005033
08200002000000000000000150960000000000123970005000000000002603
08200002000000000000000150970000000000053720005000000000001128
08200002000000000000000150980000000000123970005000000000002603
08200002000000000000000150990000000000074380005000000000001562
08200002000000000000000151000000000000128100005000000000002690
08200002000000000000000151010000000000066120005000000000001388
08200002000000000000000151020000000000090910005000000000001909
08200002000000000000000151030000000000074380005000000000001562
08200002000000000000000151040000000000070250005000000000001475
08200002000000000000000151050000000000033060005000000000000694
08200002000000000000000151060000000000028930005000000000000607
08200002000000000000000151070000000000022310005000000000000469
08200002000000000000000151080000000000057850005000000000001215
08200002000000000000000151090000000000041320005000000000000868
08200002000000000000000151100000000000099170005000000000002083
08200002000000000000000151110000000000140500005000000000002950
08200002000000000000000151120000000000157020005000000000003298
08200002000000000000000151130000000000037190005000000000000781
08200002000000000000000151140000000000028930005000000000000607
08200002000000000000000151150000000000074380005000000000001562
08200002000000000000000151160000000000061980005000000000001302
08200002000000000000000151170000000000128930005000000000002707
08200002000000000000000151180000000000078510005000000000001649
08200002000000000000000151190000000000082640005000000000001736
08200002000000000000000151200000000000157020005000000000003298
08200002000000000000000151210000000000119830005000000000002517
08200002000000000000000151220000000000045450005000000000000955
08200002000000000000000151230000000000033060005000000000000694
08200002000000000000000151240000000000132230005000000000002777
08200002000000000000000151250000000000119830005000000000002517
08200002000000000000000151260000000000173550005000000000003645
08200002000000000000000151270000000000045450005000000000000955
08200002000000000000000151280000000000252070005000000000005293
08200002000000000000000151290000000000016530005000000000000347
08200002000000000000000151300000000000157020005000000000003298
08200002000000000000000151310000000000119010005000000000002499
08200002000000000000000151320000000000090910005000000000001909
08200002000000000000000151330000000000152890005000000000003211
08200002000000000000000151340000000000111570005000000000002343
08200002000000000000000151350000000000297520005000000000006248
08200002000000000000000151360000000000099170005000000000002083
08200002000000000000000151370000000000243800005000000000005120
08200002000000000000000151380000000000049590005000000000001041
08200002000000000000000151390000000000049590005000000000001041
08200002000000000000000151400000000000066120005000000000001388
08200002000000000000000151410000000000136360005000000000002864
08200002000000000000000151420000000000033060005000000000000694
08200002000000000000000151430000000000123970005000000000002603
08200002000000000000000151440000000000082640005000000000001736
08200002000000000000000151450000000000190080005000000000003992
08200002000000000000000151460000000000185950005000000000003905
08200002000000000000000151470000000000059500005000000000001250
08200002000000000000000151480000000000074380005000000000001562
08200002000000000000000151490000000000033060005000000000000694
08200002000000000000000151500000000000033060005000000000000694
08200002000000000000000151510000000000115700005000000000002430
08200002000000000000000151520000000000045450005000000000000955
08200002000000000000000151530000000000049590005000000000001041
08200002000000000000000151540000000000136360005000000000002864
08200002000000000000000151550000000000074380005000000000001562
08200002000000000000000151560000000000033060005000000000000694
08200002000000000000000151570000000000045450005000000000000955
08200002000000000000000151580000000000045450005000000000000955
08200002000000000000000151590000000000016530005000000000000347
08200002000000000000000151600000000000037190005000000000000781
08200002000000000000000151610000000000045450005000000000000955
08200002000000000000000151620000000000136360005000000000002864
08200002000000000000000151630000000000053720005000000000001128
08200002000000000000000151640000000000107440005000000000002256
08200002000000000000000151650000000000103310005000000000002169
08200002000000000000000151660000000000033060005000000000000694
08200002000000000000000151670000000000033060005000000000000694
08200002000000000000000151680000000000057850005000000000001215
08200002000000000000000151690000000000057850005000000000001215
08200002000000000000000151700000000000053720005000000000001128
08200002000000000000000151710000000000028930005000000000000607
08200002000000000000000151720000000000033060005000000000000694
08200002000000000000000151730000000000066120005000000000001388
08200002000000000000000151740000000000049590005000000000001041
08200002000000000000000151750000000000049590005000000000001041
08200002000000000000000151760000000000055790005000000000001171
08200002000000000000000151770000000000157020005000000000003298
08200002000000000000000151780000000000140500005000000000002950
08200002000000000000000151790000000000087600005000000000001840
08200002000000000000000151800000000000068180005000000000001432
08200002000000000000000151810000000000090910005000000000001909
08200002000000000000000151820000000000037190005000000000000781
08200002000000000000000151830000000000049590005000000000001041
08200002000000000000000151840000000000061980005000000000001302
08200002000000000000000151850000000000048350005000000000001015
08200002000000000000000151860000000000033060005000000000000694
08200002000000000000000151870000000000148760005000000000003124
08200002000000000000000151880000000000119830005000000000002517
08200002000000000000000151890000000000103310005000000000002169
08200002000000000000000151900000000000090910005000000000001909
08200002000000000000000151910000000000059500005000000000001250
08200002000000000000000151920000000000041320005000000000000868
08200002000000000000000151930000000000070250005000000000001475
08200002000000000000000151940000000000082640005000000000001736
08200002000000000000000151950000000000024790005000000000000521
08200002000000000000000151960000000000037190005000000000000781
08200002000000000000000151970000000000037190005000000000000781
08200002000000000000000151980000000000033060005000000000000694
08200002000000000000000151990000000000053720005000000000001128
08200002000000000000000152000000000000045450005000000000000955
08200002000000000000000152010000000000037190005000000000000781
08200002000000000000000152020000000000016530005000000000000347
08200002000000000000000152030000000000037190005000000000000781
08200002000000000000000152040000000000066120005000000000001388
08200002000000000000000152050000000000053720005000000000001128
08200002000000000000000152060000000000066120005000000000001388
08200002000000000000000152070000000000053720005000000000001128
08200002000000000000000152080000000000070250005000000000001475
08200002000000000000000152090000000000061980005000000000001302
08200002000000000000000152100000000000033060005000000000000694
08200002000000000000000152110000000000049590005000000000001041
08200002000000000000000152120000000000018600005000000000000391
08200002000000000000000152130000000000033060005000000000000694
08200002000000000000000152140000000000086780005000000000001822
08200002000000000000000152150000000000033060005000000000000694
08200002000000000000000152160000000000041320005000000000000868
08200002000000000000000152170000000000074380005000000000001562
08200002000000000000000152180000000000123970005000000000002603
08200002000000000000000152190000000000136360005000000000002864
08200002000000000000000152200000000000041320005000000000000868
08200002000000000000000152210000000000024790005000000000000521
08200002000000000000000152220000000000057850005000000000001215
08200002000000000000000152230000000000104130005000000000002187
08200002000000000000000152240000000000016530005000000000000347
08200002000000000000000152250000000000053720005000000000001128
08200002000000000000000152260000000000123970005000000000002603
08200002000000000000000152270000000000083470005000000000001753
08200002000000000000000152280000000000111570005000000000002343
08200002000000000000000152290000000000061980005000000000001302
08200002000000000000000152300000000000066120005000000000001388
08200002000000000000000152310000000000033060005000000000000694
08200002000000000000000152320000000000033060005000000000000694
08200002000000000000000152330000000000074380005000000000001562
08200002000000000000000152340000000000037190005000000000000781
08200002000000000000000152350000000000045450005000000000000955
08200002000000000000000152360000000000024790005000000000000521
08200002000000000000000152370000000000045450005000000000000955
08200002000000000000000152380000000000028930005000000000000607
08200002000000000000000152390000000000070250005000000000001475
08200002000000000000000152400000000000020660005000000000000434
08200002000000000000000152410000000000057850005000000000001215
08200002000000000000000152420000000000028930005000000000000607
08200002000000000000000152430000000000033470005000000000000703
08200002000000000000000152440000000000057850005000000000001215
08200002000000000000000152450000000000061980005000000000001302
08200002000000000000000152460000000000074380005000000000001562
08200002000000000000000152470000000000049590005000000000001041
08200002000000000000000152480000000000309920005000000000006508
08200002000000000000000152490000000000049590005000000000001041
08200002000000000000000152500000000000037190005000000000000781
08200002000000000000000152510000000000066120005000000000001388
08200002000000000000000152520000000000070250005000000000001475
08200002000000000000000152530000000000016530005000000000000347
08200002000000000000000152540000000000037190005000000000000781
08200002000000000000000152550000000000070250005000000000001475
08200002000000000000000152560000000000115700005000000000002430
08200002000000000000000152570000000000033060005000000000000694
08200002000000000000000152580000000000033060005000000000000694
08200002000000000000000152590000000000028930005000000000000607
08200002000000000000000152600000000000024790005000000000000521
08200002000000000000000152610000000000066120005000000000001388
08200002000000000000000152620000000000119830005000000000002517
08200002000000000000000152630000000000045450005000000000000955
08200002000000000000000152640000000000086780005000000000001822
08200002000000000000000152650000000000066120005000000000001388
08200002000000000000000152660000000000024790005000000000000521
08200002000000000000000152670000000000020660005000000000000434
08200002000000000000000152680000000000028930005000000000000607
08200002000000000000000152690000000000045450005000000000000955
08200002000000000000000152700000000000070250005000000000001475
08200002000000000000000152710000000000045450005000000000000955
08200002000000000000000152720000000000086780005000000000001822
08200002000000000000000152730000000000078510005000000000001649
08200002000000000000000152740000000000033060005000000000000694
08200002000000000000000152750000000000057850005000000000001215
08200002000000000000000152760000000000041320005000000000000868
08200002000000000000000152770000000000033060005000000000000694
08200002000000000000000152780000000000041320005000000000000868
08200002000000000000000152790000000000028930005000000000000607
08200002000000000000000152800000000000049590005000000000001041
08200002000000000000000152810000000000037190005000000000000781
08200002000000000000000152820000000000043800005000000000000920
08200002000000000000000152830000000000061980005000000000001302
08200002000000000000000152840000000000045450005000000000000955
08200002000000000000000152850000000000033060005000000000000694
08200002000000000000000152860000000000024790005000000000000521
08200002000000000000000152870000000000053720005000000000001128
08200002000000000000000152880000000000173550005000000000003645
08200002000000000000000152890000000000099170005000000000002083
08200002000000000000000152900000000000103310005000000000002169
08200002000000000000000152910000000000095040005000000000001996
08200002000000000000000152920000000000057850005000000000001215
08200002000000000000000152930000000000057850005000000000001215
08200002000000000000000152940000000000148760005000000000003124
08200002000000000000000152950000000000099170005000000000002083
08200002000000000000000152960000000000033060005000000000000694
08200002000000000000000152970000000000033060005000000000000694
08200002000000000000000152980000000000074380005000000000001562
08200002000000000000000152990000000000066120005000000000001388
08200002000000000000000153000000000000024790005000000000000521
08200002000000000000000153010000000000148760005000000000003124
08200002000000000000000153020000000000033060005000000000000694
08200002000000000000000153030000000000033060005000000000000694
08200002000000000000000153040000000000037190005000000000000781
08200002000000000000000153050000000000057850005000000000001215
08200002000000000000000153060000000000066120005000000000001388
08200002000000000000000153070000000000028930005000000000000607
08200002000000000000000153080000000000037190005000000000000781
08200002000000000000000153090000000000037190005000000000000781
08200002000000000000000153100000000000037190005000000000000781
08200002000000000000000153110000000000033060005000000000000694
08200002000000000000000153120000000000043800005000000000000920
08200002000000000000000153130000000000037190005000000000000781
08200002000000000000000153140000000000037190005000000000000781
08200002000000000000000153150000000000037190005000000000000781
08200002000000000000000153160000000000074380005000000000001562
08200002000000000000000153170000000000033060005000000000000694
08200002000000000000000153180000000000066120005000000000001388
08200002000000000000000153190000000000043800005000000000000920
08200002000000000000000153200000000000037190005000000000000781
08200002000000000000000153210000000000066120005000000000001388
08200002000000000000000153220000000000042150005000000000000885
08200002000000000000000153230000000000111570005000000000002343
08200002000000000000000153240000000000074380005000000000001562
08200002000000000000000153250000000000033060005000000000000694
08200002000000000000000153260000000000066120005000000000001388
08200002000000000000000153270000000000066120005000000000001388
08200002000000000000000153280000000000074380005000000000001562
08200002000000000000000153290000000000057850005000000000001215
08200002000000000000000153300000000000053720005000000000001128
08200002000000000000000153310000000000074380005000000000001562
08200002000000000000000153320000000000024790005000000000000521
08200002000000000000000153330000000000028930005000000000000607
08200002000000000000000153340000000000099170005000000000002083
08200002000000000000000153350000000000041320005000000000000868
08200002000000000000000153360000000000074380005000000000001562
08200002000000000000000153370000000000086780005000000000001822
08200002000000000000000153380000000000061980005000000000001302
08200002000000000000000153390000000000049590005000000000001041
08200002000000000000000153400000000000043800005000000000000920
08200002000000000000000153410000000000033060005000000000000694
08200002000000000000000153420000000000028930005000000000000607
08200002000000000000000153430000000000066120005000000000001388
08200002000000000000000153440000000000078510005000000000001649
08200002000000000000000153450000000000066120005000000000001388
08200002000000000000000153460000000000061980005000000000001302
08200002000000000000000153470000000000028930005000000000000607
08200002000000000000000153480000000000090910005000000000001909
08200002000000000000000153490000000000041320005000000000000868
08200002000000000000000153500000000000045450005000000000000955
08200002000000000000000153510000000000082640005000000000001736
08200002000000000000000153520000000000049590005000000000001041
08200002000000000000000153530000000000049590005000000000001041
08200002000000000000000153540000000000148760005000000000003124
08200002000000000000000153550000000000016530005000000000000347
08200002000000000000000153560000000000061980005000000000001302
08200002000000000000000153570000000000044630005000000000000937
08200002000000000000000153580000000000070250005000000000001475
08200002000000000000000153590000000000049590005000000000001041
08200002000000000000000153600000000000123970005000000000002603
08200002000000000000000153610000000000053720005000000000001128
08200002000000000000000153620000000000049590005000000000001041
08200002000000000000000153630000000000028930005000000000000607
08200002000000000000000153640000000000024790005000000000000521
08200002000000000000000153650000000000086780005000000000001822
08200002000000000000000153660000000000099170005000000000002083
08200002000000000000000153670000000000041320005000000000000868
08200002000000000000000153680000000000074380005000000000001562
08200002000000000000000153690000000000057850005000000000001215
08200002000000000000000153700000000000099170005000000000002083
08200002000000000000000153710000000000033060005000000000000694
08200002000000000000000153720000000000074380005000000000001562
08200002000000000000000153730000000000013220005000000000000278
08200002000000000000000153740000000000028930005000000000000607
08200002000000000000000153750000000000037190005000000000000781
08200002000000000000000153760000000000074380005000000000001562
08200002000000000000000153770000000000078510005000000000001649
08200002000000000000000153780000000000057850005000000000001215
08200002000000000000000153790000000000136360005000000000002864
08200002000000000000000153800000000000037190005000000000000781
08200002000000000000000153810000000000033060005000000000000694
08200002000000000000000153820000000000024790005000000000000521
08200002000000000000000153830000000000045450005000000000000955
08200002000000000000000153840000000000045450005000000000000955
08200002000000000000000153850000000000074380005000000000001562
08200002000000000000000153860000000000074380005000000000001562
08200002000000000000000153870000000000045450005000000000000955
08200002000000000000000153880000000000049590005000000000001041
08200002000000000000000153890000000000049590005000000000001041
08200002000000000000000153900000000000074380005000000000001562
08200002000000000000000153910000000000033060005000000000000694
08200002000000000000000153920000000000049590005000000000001041
08200002000000000000000153930000000000061980005000000000001302
08200002000000000000000153940000000000053720005000000000001128
08200002000000000000000153950000000000033060005000000000000694
08200002000000000000000153960000000000066120005000000000001388
08200002000000000000000153970000000000037190005000000000000781
08200002000000000000000153980000000000037190005000000000000781
08200002000000000000000153990000000000045450005000000000000955
08200002000000000000000154000000000000028930005000000000000607
08200002000000000000000154010000000000132230005000000000002777
08200002000000000000000154020000000000052070005000000000001093
08200002000000000000000154030000000000066120005000000000001388
08200002000000000000000154040000000000033060005000000000000694
08200002000000000000000154050000000000082640005000000000001736
08200002000000000000000154060000000000107440005000000000002256
08200002000000000000000154070000000000016530005000000000000347
08200002000000000000000154080000000000057850005000000000001215
08200002000000000000000154090000000000028930005000000000000607
08200002000000000000000154100000000000070250005000000000001475
08200002000000000000000154110000000000045450005000000000000955
08200002000000000000000154120000000000066120005000000000001388
08200002000000000000000154130000000000041320005000000000000868
08200002000000000000000154140000000000045450005000000000000955
08200002000000000000000154150000000000033060005000000000000694
08200002000000000000000154160000000000066120005000000000001388
08200002000000000000000154170000000000037190005000000000000781
08200002000000000000000154180000000000128100005000000000002690
08200002000000000000000154190000000000028930005000000000000607
08200002000000000000000154200000000000037190005000000000000781
08200002000000000000000154210000000000041320005000000000000868
08200002000000000000000154220000000000024790005000000000000521
08200002000000000000000154230000000000029750005000000000000625
08200002000000000000000154240000000000045450005000000000000955
08200002000000000000000154250000000000037190005000000000000781
08200002000000000000000154260000000000037190005000000000000781
08200002000000000000000154270000000000041320005000000000000868
08200002000000000000000154280000000000148760005000000000003124
08200002000000000000000154290000000000041320005000000000000868
08200002000000000000000154300000000000037190005000000000000781
08200002000000000000000154310000000000020660005000000000000434
08200002000000000000000154320000000000016530005000000000000347
08200002000000000000000154330000000000037190005000000000000781
08200002000000000000000154340000000000049590005000000000001041
08200002000000000000000154350000000000090910005000000000001909
08200002000000000000000154360000000000020660005000000000000434
08200002000000000000000154370000000000033060005000000000000694
08200002000000000000000154380000000000074380005000000000001562
08200002000000000000000154390000000000061980005000000000001302
08200002000000000000000154400000000000070250005000000000001475
08200002000000000000000154410000000000020660005000000000000434
08200002000000000000000154420000000000024790005000000000000521
08200002000000000000000154430000000000070250005000000000001475
08200002000000000000000154440000000000053720005000000000001128
08200002000000000000000154450000000000086780005000000000001822
08200002000000000000000154460000000000037190005000000000000781
08200002000000000000000154470000000000033060005000000000000694
08200002000000000000000154480000000000037190005000000000000781
08200002000000000000000154490000000000024790005000000000000521
08200002000000000000000154500000000000090910005000000000001909
08200002000000000000000154510000000000037190005000000000000781
08200002000000000000000154520000000000107440005000000000002256
08200002000000000000000154530000000000061980005000000000001302
08200002000000000000000154540000000000033060005000000000000694
08200002000000000000000154550000000000028930005000000000000607
08200002000000000000000154560000000000086780005000000000001822
08200002000000000000000154570000000000099170005000000000002083
08200002000000000000000154580000000000099170005000000000002083
08200002000000000000000154590000000000037190005000000000000781
08200002000000000000000154600000000000033060005000000000000694
08200002000000000000000154610000000000041320005000000000000868
08200002000000000000000154620000000000107440005000000000002256
08200002000000000000000154630000000000033060005000000000000694
08200002000000000000000154640000000000111570005000000000002343
08200002000000000000000154650000000000078510005000000000001649
08200002000000000000000154660000000000041320005000000000000868
08200002000000000000000154670000000000028930005000000000000607
08200002000000000000000154680000000000028930005000000000000607
08200002000000000000000154690000000000074380005000000000001562
08200002000000000000000154700000000000074380005000000000001562
08200002000000000000000154710000000000024790005000000000000521
08200002000000000000000154720000000000028930005000000000000607
08200002000000000000000154730000000000066120005000000000001388
08200002000000000000000154740000000000049590005000000000001041
08200002000000000000000154750000000000049590005000000000001041
08200002000000000000000154760000000000033060005000000000000694
08200002000000000000000154770000000000037190005000000000000781
08200002000000000000000154780000000000037190005000000000000781
08200002000000000000000154790000000000028930005000000000000607
08200002000000000000000154800000000000037190005000000000000781
08200002000000000000000154810000000000037190005000000000000781
08200002000000000000000154820000000000115700005000000000002430
08200002000000000000000154830000000000074380005000000000001562
08200002000000000000000154840000000000033060005000000000000694
08200002000000000000000154850000000000037190005000000000000781
08200002000000000000000154860000000000037190005000000000000781
08200002000000000000000154870000000000033060005000000000000694
08200002000000000000000154880000000000043800005000000000000920
08200002000000000000000154890000000000041320005000000000000868
08200002000000000000000154900000000000037190005000000000000781
08200002000000000000000154910000000000033060005000000000000694
08200002000000000000000154920000000000033060005000000000000694
08200002000000000000000154930000000000033060005000000000000694
08200002000000000000000154940000000000033060005000000000000694
08200002000000000000000154950000000000026030005000000000000547
08200002000000000000000154960000000000033060005000000000000694
08200002000000000000000154970000000000066120005000000000001388
08200002000000000000000154980000000000057850005000000000001215
08200002000000000000000154990000000000111570005000000000002343
08200002000000000000000155000000000000037190005000000000000781
08200002000000000000000155010000000000028930005000000000000607
08200002000000000000000155020000000000066120005000000000001388
08200002000000000000000155030000000000049590005000000000001041
08200002000000000000000155040000000000074380005000000000001562
08200002000000000000000155050000000000033060005000000000000694
08200002000000000000000155060000000000037190005000000000000781
08200002000000000000000155070000000000053720005000000000001128
08200002000000000000000155080000000000037190005000000000000781
08200002000000000000000155090000000000157020005000000000003298
08200002000000000000000155100000000000119830005000000000002517
08200002000000000000000155110000000000107440005000000000002256
08200002000000000000000155120000000000033060005000000000000694
08200002000000000000000155130000000000074380005000000000001562
08200002000000000000000155140000000000049590005000000000001041
08200002000000000000000155150000000000028930005000000000000607
08200002000000000000000155160000000000020660005000000000000434
08200002000000000000000155170000000000033060005000000000000694
08200002000000000000000155180000000000033060005000000000000694
08200002000000000000000155190000000000041320005000000000000868
08200002000000000000000155200000000000070250005000000000001475
08200002000000000000000155210000000000091740005000000000001926
08200002000000000000000155220000000000041320005000000000000868
08200002000000000000000155230000000000074380005000000000001562
08200002000000000000000155240000000000082640005000000000001736
08200002000000000000000155250000000000074380005000000000001562
08200002000000000000000155260000000000028930005000000000000607
08200002000000000000000155270000000000033060005000000000000694
08200002000000000000000155280000000000070250005000000000001475
08200002000000000000000155290000000000037190005000000000000781
08200002000000000000000155300000000000037190005000000000000781
08200002000000000000000155310000000000095040005000000000001996
08200002000000000000000155320000000000016530005000000000000347
08200002000000000000000155330000000000033060005000000000000694
08200002000000000000000155340000000000078510005000000000001649
08200002000000000000000155350000000000053720005000000000001128
08200002000000000000000155360000000000140500005000000000002950
08200002000000000000000155370000000000074380005000000000001562
08200002000000000000000155380000000000053720005000000000001128
08200002000000000000000155390000000000045450005000000000000955
08200002000000000000000155400000000000123970005000000000002603
08200002000000000000000155410000000000070250005000000000001475
08200002000000000000000155420000000000049590005000000000001041
08200002000000000000000155430000000000090910005000000000001909
08200002000000000000000155440000000000082640005000000000001736
08200002000000000000000155450000000000024790005000000000000521
08200002000000000000000155460000000000045450005000000000000955
08200002000000000000000155470000000000181820005000000000003818
08200002000000000000000155480000000000028930005000000000000607
08200002000000000000000155490000000000053720005000000000001128
08200002000000000000000155500000000000041320005000000000000868
08200002000000000000000155510000000000020660005000000000000434
08200002000000000000000155520000000000057850005000000000001215
08200002000000000000000155530000000000066120005000000000001388
08200002000000000000000155540000000000045450005000000000000955
08200002000000000000000155550000000000086780005000000000001822
08200002000000000000000155560000000000074380005000000000001562
08200002000000000000000155570000000000074380005000000000001562
08200002000000000000000155580000000000090910005000000000001909
08200002000000000000000155590000000000033060005000000000000694
08200002000000000000000155600000000000049590005000000000001041
08200002000000000000000155610000000000012400005000000000000260
08200002000000000000000155620000000000033060005000000000000694
08200002000000000000000155630000000000045450005000000000000955
08200002000000000000000155640000000000024790005000000000000521
08200002000000000000000155650000000000037190005000000000000781
08200002000000000000000155660000000000024790005000000000000521
08200002000000000000000155670000000000053720005000000000001128
08200002000000000000000155680000000000070250005000000000001475
08200002000000000000000155690000000000040910005000000000000859
08200002000000000000000155700000000000066120005000000000001388
08200002000000000000000155710000000000041320005000000000000868
08200002000000000000000155720000000000020660005000000000000434
08200002000000000000000155730000000000037190005000000000000781
08200002000000000000000155740000000000041320005000000000000868
08200002000000000000000155750000000000020660005000000000000434
08200002000000000000000155760000000000028930005000000000000607
08200002000000000000000155770000000000061980005000000000001302
08200002000000000000000155780000000000078510005000000000001649
08200002000000000000000155790000000000020660005000000000000434
08200002000000000000000155800000000000037190005000000000000781
08200002000000000000000155810000000000016530005000000000000347
08200002000000000000000155820000000000061980005000000000001302
08200002000000000000000155840000000000033060005000000000000694
08200002000000000000000155850000000000024790005000000000000521
08200002000000000000000155860000000000074380005000000000001562
08200002000000000000000155870000000000033060005000000000000694
08200002000000000000000155880000000000033060005000000000000694
08200002000000000000000155890000000000033060005000000000000694
08200002000000000000000155900000000000049590005000000000001041
08200002000000000000000155910000000000019830005000000000000417
08200002000000000000000155920000000000061980005000000000001302
08200002000000000000000155930000000000013220005000000000000278
08200002000000000000000155940000000000074380005000000000001562
08200002000000000000000155950000000000198350005000000000004165
08200002000000000000000155960000000000066120005000000000001388
08200002000000000000000155970000000000037190005000000000000781
08200002000000000000000155980000000000086780005000000000001822
08200002000000000000000155990000000000037190005000000000000781
08200002000000000000000156000000000000037190005000000000000781
08200002000000000000000156010000000000206610005000000000004339
08200002000000000000000156020000000000132230005000000000002777
08200002000000000000000156030000000000066120005000000000001388
08200002000000000000000156040000000000066120005000000000001388
08200002000000000000000156050000000000016530005000000000000347
08200002000000000000000156060000000000066120005000000000001388
08200002000000000000000156070000000000024790005000000000000521
08200002000000000000000156080000000000041320005000000000000868
08200002000000000000000156090000000000181820005000000000003818
08200002000000000000000156100000000000049590005000000000001041
08200002000000000000000156110000000000016530005000000000000347
08200002000000000000000156120000000000099170005000000000002083
08200002000000000000000156130000000000033060005000000000000694
08200002000000000000000156140000000000148760005000000000003124
08200002000000000000000156150000000000090910005000000000001909
08200002000000000000000156160000000000053720005000000000001128
08200002000000000000000156170000000000074380005000000000001562
08200002000000000000000156180000000000095040005000000000001996
08200002000000000000000156190000000000173550005000000000003645
08200002000000000000000156200000000000037190005000000000000781
08200002000000000000000156210000000000037190005000000000000781
08200002000000000000000156220000000000028930005000000000000607
08200002000000000000000156230000000000028930005000000000000607
08200002000000000000000156240000000000028930005000000000000607
08200002000000000000000156250000000000033060005000000000000694
08200002000000000000000156260000000000061980005000000000001302
08200002000000000000000156270000000000024790005000000000000521
08200002000000000000000156280000000000066120005000000000001388
08200002000000000000000156290000000000033060005000000000000694
08200002000000000000000156300000000000028930005000000000000607
08200002000000000000000156310000000000033470005000000000000703
08200002000000000000000156320000000000070250005000000000001475
08200002000000000000000156330000000000028930005000000000000607
08200002000000000000000156340000000000033060005000000000000694
08200002000000000000000156350000000000028930005000000000000607
08200002000000000000000156360000000000066120005000000000001388
08200002000000000000000156370000000000053720005000000000001128
08200002000000000000000156380000000000028930005000000000000607
08200002000000000000000156390000000000086780005000000000001822
08200002000000000000000156400000000000074380005000000000001562
08200002000000000000000156410000000000037190005000000000000781
08200002000000000000000156420000000000077360005000000000001624
08200002000000000000000156430000000000033060005000000000000694
08200002000000000000000156440000000000045450005000000000000955
08200002000000000000000156450000000000045450005000000000000955
08200002000000000000000156460000000000033060005000000000000694
08200002000000000000000156470000000000066120005000000000001388
08200002000000000000000156480000000000107440005000000000002256
08200002000000000000000156490000000000020660005000000000000434
08200002000000000000000156500000000000041320005000000000000868
08200002000000000000000156510000000000016530005000000000000347
08200002000000000000000156520000000000099170005000000000002083
08200002000000000000000156530000000000045450005000000000000955
08200002000000000000000156540000000000033060005000000000000694
08200002000000000000000156550000000000037190005000000000000781
08200002000000000000000156560000000000070250005000000000001475
08200002000000000000000156570000000000053720005000000000001128
08200002000000000000000156580000000000037190005000000000000781
08200002000000000000000156590000000000020660005000000000000434
08200002000000000000000156600000000000053720005000000000001128
08200002000000000000000156610000000000090910005000000000001909
08200002000000000000000156620000000000020660005000000000000434
08200002000000000000000156630000000000049590005000000000001041
08200002000000000000000156640000000000041320005000000000000868
08200002000000000000000156650000000000066120005000000000001388
08200002000000000000000156660000000000033060005000000000000694
08200002000000000000000156670000000000049590005000000000001041
08200002000000000000000156680000000000057850005000000000001215
08200002000000000000000156690000000000119830005000000000002517
08200002000000000000000156700000000000033060005000000000000694
08200002000000000000000156710000000000103310005000000000002169
08200002000000000000000156720000000000074380005000000000001562
08200002000000000000000156730000000000033060005000000000000694
08200002000000000000000156740000000000057850005000000000001215
08200002000000000000000156750000000000041320005000000000000868
08200002000000000000000156760000000000024790005000000000000521
08200002000000000000000156770000000000078510005000000000001649
08200002000000000000000156780000000000049590005000000000001041
08200002000000000000000156790000000000033060005000000000000694
08200002000000000000000156800000000000070250005000000000001475
08200002000000000000000156810000000000070250005000000000001475
08200002000000000000000156820000000000033060005000000000000694
08200002000000000000000156830000000000033060005000000000000694
08200002000000000000000156840000000000033060005000000000000694
08200002000000000000000156850000000000074380005000000000001562
08200002000000000000000156860000000000100000005000000000002100
08200002000000000000000156870000000000074380005000000000001562
08200002000000000000000156880000000000053720005000000000001128
08200002000000000000000156890000000000022310005000000000000469
08200002000000000000000156900000000000078510005000000000001649
08200002000000000000000156910000000000066120005000000000001388
08200002000000000000000156920000000000033060005000000000000694
08200002000000000000000156930000000000041320005000000000000868
08200002000000000000000156940000000000074380005000000000001562
08200002000000000000000156950000000000049590005000000000001041
08200002000000000000000156960000000000022310005000000000000469
08200002000000000000000156970000000000024790005000000000000521
08200002000000000000000156980000000000070250005000000000001475
08200002000000000000000156990000000000041320005000000000000868
08200002000000000000000157000000000000037190005000000000000781
08200002000000000000000157010000000000061980005000000000001302
08200002000000000000000157020000000000074380005000000000001562
08200002000000000000000157030000000000049590005000000000001041
08200002000000000000000157040000000000070660005000000000001484
08200002000000000000000157050000000000018600005000000000000391
08200002000000000000000157060000000000165290005000000000003471
08200002000000000000000157070000000000033060005000000000000694
08200002000000000000000157080000000000020660005000000000000434
08200002000000000000000157090000000000020660005000000000000434
08200002000000000000000157100000000000086780005000000000001822
08200002000000000000000157110000000000053720005000000000001128
08200002000000000000000157120000000000148760005000000000003124
08200002000000000000000157130000000000090910005000000000001909
08200002000000000000000157140000000000045450005000000000000955
08200002000000000000000157150000000000057850005000000000001215
08200002000000000000000157160000000000061980005000000000001302
08200002000000000000000157170000000000041320005000000000000868
08200002000000000000000157180000000000049590005000000000001041
08200002000000000000000157190000000000074380005000000000001562
08200002000000000000000157200000000000024790005000000000000521
08200002000000000000000157210000000000024790005000000000000521
08200002000000000000000157220000000000057850005000000000001215
08200002000000000000000157230000000000070250005000000000001475
08200002000000000000000157240000000000020660005000000000000434
08200002000000000000000157250000000000018600005000000000000391
08200002000000000000000157260000000000020660005000000000000434
08200002000000000000000157270000000000095040005000000000001996
08200002000000000000000157280000000000057850005000000000001215
08200002000000000000000157290000000000016530005000000000000347
08200002000000000000000157300000000000049590005000000000001041
08200002000000000000000157310000000000033060005000000000000694
08200002000000000000000157320000000000037190005000000000000781
08200002000000000000000157330000000000024790005000000000000521
08200002000000000000000157340000000000053720005000000000001128
08200002000000000000000157350000000000111570005000000000002343
08200002000000000000000157360000000000028930005000000000000607
08200002000000000000000157370000000000107440005000000000002256
08200002000000000000000157380000000000016530005000000000000347
08200002000000000000000157390000000000045450005000000000000955
08200002000000000000000157400000000000041320005000000000000868
08200002000000000000000157410000000000045450005000000000000955
08200002000000000000000157420000000000086780005000000000001822
08200002000000000000000157430000000000037190005000000000000781
08200002000000000000000157440000000000057850005000000000001215
08200002000000000000000157450000000000016530005000000000000347
08200002000000000000000157460000000000049590005000000000001041
08200002000000000000000157470000000000024790005000000000000521
08200002000000000000000157480000000000066940005000000000001406
08200002000000000000000157490000000000037190005000000000000781
08200002000000000000000157500000000000053720005000000000001128
08200002000000000000000157510000000000020660005000000000000434
08200002000000000000000157520000000000078510005000000000001649
08200002000000000000000157530000000000033060005000000000000694
08200002000000000000000157540000000000066120005000000000001388
08200002000000000000000157550000000000066120005000000000001388
08200002000000000000000157560000000000045450005000000000000955
08200002000000000000000157570000000000074380005000000000001562
08200002000000000000000157580000000000099170005000000000002083
08200002000000000000000157590000000000037190005000000000000781
08200002000000000000000157600000000000037190005000000000000781
08200002000000000000000157610000000000037190005000000000000781
08200002000000000000000157620000000000090910005000000000001909
08200002000000000000000157630000000000061980005000000000001302
08200002000000000000000157640000000000066120005000000000001388
08200002000000000000000157650000000000066120005000000000001388
08200002000000000000000157660000000000074380005000000000001562
08200002000000000000000157670000000000018600005000000000000391
08200002000000000000000157680000000000066120005000000000001388
08200002000000000000000157690000000000107440005000000000002256
08200002000000000000000157700000000000053720005000000000001128
08200002000000000000000157710000000000107850005000000000002265
08200002000000000000000157720000000000074380005000000000001562
08200002000000000000000157730000000000033060005000000000000694
08200002000000000000000157740000000000078510005000000000001649
08200002000000000000000157750000000000099170005000000000002083
08200002000000000000000157760000000000041320005000000000000868
08200002000000000000000157770000000000028930005000000000000607
08200002000000000000000157780000000000041320005000000000000868
08200002000000000000000157790000000000028930005000000000000607
08200002000000000000000157800000000000066120005000000000001388
08200002000000000000000157810000000000049590005000000000001041
08200002000000000000000157820000000000049590005000000000001041
08200002000000000000000157830000000000041320005000000000000868
08200002000000000000000157840000000000037190005000000000000781
08200002000000000000000157850000000000095040005000000000001996
08200002000000000000000157860000000000144630005000000000003037
08200002000000000000000157870000000000052070005000000000001093
08200002000000000000000157880000000000037190005000000000000781
08200002000000000000000157890000000000037190005000000000000781
08200002000000000000000157900000000000024790005000000000000521
08200002000000000000000157910000000000074380005000000000001562
08200002000000000000000157920000000000111570005000000000002343
08200002000000000000000157930000000000045450005000000000000955
08200002000000000000000157940000000000074380005000000000001562
08200002000000000000000157950000000000028930005000000000000607
08200002000000000000000157960000000000028930005000000000000607
08200002000000000000000157970000000000033470005000000000000703
08200002000000000000000157980000000000037190005000000000000781
08200002000000000000000157990000000000074380005000000000001562
08200002000000000000000158000000000000074380005000000000001562
08200002000000000000000158010000000000041320005000000000000868
08200002000000000000000158020000000000039670005000000000000833
08200002000000000000000158030000000000066120005000000000001388
08200002000000000000000158040000000000074380005000000000001562
08200002000000000000000158050000000000028930005000000000000607
08200002000000000000000158060000000000053720005000000000001128
08200002000000000000000158070000000000033060005000000000000694
08200002000000000000000158080000000000057850005000000000001215
08200002000000000000000158090000000000033060005000000000000694
08200002000000000000000158100000000000057850005000000000001215
08200002000000000000000158110000000000053720005000000000001128
08200002000000000000000158120000000000024790005000000000000521
08200002000000000000000158130000000000045450005000000000000955
08200002000000000000000158140000000000086780005000000000001822
08200002000000000000000158150000000000057850005000000000001215
08200002000000000000000158160000000000095040005000000000001996
08200002000000000000000158170000000000061980005000000000001302
08200002000000000000000158180000000000123970005000000000002603
08200002000000000000000158190000000000082640005000000000001736
08200002000000000000000158200000000000061980005000000000001302
08200002000000000000000158210000000000103310005000000000002169
08200002000000000000000158220000000000070250005000000000001475
08200002000000000000000158230000000000020660005000000000000434
08200002000000000000000158240000000000028930005000000000000607
08200002000000000000000158250000000000033060005000000000000694
08200002000000000000000158260000000000033060005000000000000694
08200002000000000000000158270000000000037190005000000000000781
08200002000000000000000158280000000000066120005000000000001388
08200002000000000000000158290000000000057850005000000000001215
08200002000000000000000158300000000000028930005000000000000607
08200002000000000000000158310000000000052070005000000000001093
08200002000000000000000158320000000000049590005000000000001041
08200002000000000000000158330000000000033060005000000000000694
08200002000000000000000158340000000000090910005000000000001909
08200002000000000000000158350000000000132230005000000000002777
08200002000000000000000158360000000000111570005000000000002343
08200002000000000000000158370000000000086780005000000000001822
08200002000000000000000158380000000000074380005000000000001562
08200002000000000000000158390000000000037190005000000000000781
08200002000000000000000158400000000000107440005000000000002256
08200002000000000000000158410000000000103310005000000000002169
08200002000000000000000158420000000000028930005000000000000607
08200002000000000000000158430000000000041320005000000000000868
08200002000000000000000158440000000000123970005000000000002603
08200002000000000000000158450000000000066120005000000000001388
08200002000000000000000158460000000000041320005000000000000868
08200002000000000000000158470000000000037190005000000000000781
08200002000000000000000158480000000000033060005000000000000694
08200002000000000000000158490000000000033060005000000000000694
08200002000000000000000158500000000000041320005000000000000868
08200002000000000000000158510000000000041320005000000000000868
08200002000000000000000158520000000000070250005000000000001475
08200002000000000000000158530000000000045450005000000000000955
08200002000000000000000158540000000000041320005000000000000868
08200002000000000000000158550000000000061980005000000000001302
08200002000000000000000158560000000000057850005000000000001215
08200002000000000000000158570000000000041320005000000000000868
08200002000000000000000158580000000000049590005000000000001041
08200002000000000000000158590000000000066120005000000000001388
08200002000000000000000158600000000000070250005000000000001475
08200002000000000000000158610000000000057850005000000000001215
08200002000000000000000158620000000000074380005000000000001562
08200002000000000000000158630000000000074380005000000000001562
08200002000000000000000158640000000000078510005000000000001649
08200002000000000000000158650000000000061980005000000000001302
08200002000000000000000158660000000000048350005000000000001015
08200002000000000000000158670000000000074380005000000000001562
08200002000000000000000158680000000000024790005000000000000521
08200002000000000000000158690000000000140500005000000000002950
08200002000000000000000158700000000000122730005000000000002577
08200002000000000000000158710000000000028930005000000000000607
08200002000000000000000158720000000000057850005000000000001215
08200002000000000000000158730000000000016530005000000000000347
08200002000000000000000158740000000000037190005000000000000781
08200002000000000000000158750000000000095040005000000000001996
08200002000000000000000158760000000000033060005000000000000694
08200002000000000000000158770000000000090910005000000000001909
08200002000000000000000158780000000000057850005000000000001215
08200002000000000000000158790000000000024790005000000000000521
08200002000000000000000158800000000000095040005000000000001996
08200002000000000000000158810000000000095040005000000000001996
08200002000000000000000158820000000000024790005000000000000521
08200002000000000000000158830000000000028930005000000000000607
08200002000000000000000158840000000000049590005000000000001041
08200002000000000000000158850000000000161160005000000000003384
08200002000000000000000158860000000000028930005000000000000607
08200002000000000000000158870000000000078510005000000000001649
08200002000000000000000158880000000000090910005000000000001909
08200002000000000000000158890000000000107440005000000000002256
08200002000000000000000158900000000000119830005000000000002517
08200002000000000000000158910000000000037190005000000000000781
08200002000000000000000158920000000000041320005000000000000868
08200002000000000000000158930000000000070250005000000000001475
08200002000000000000000158940000000000057850005000000000001215
08200002000000000000000158950000000000037190005000000000000781
08200002000000000000000158960000000000037190005000000000000781
08200002000000000000000158970000000000049590005000000000001041
08200002000000000000000158980000000000078510005000000000001649
08200002000000000000000158990000000000070250005000000000001475
08200002000000000000000159000000000000078510005000000000001649
08200002000000000000000159010000000000078510005000000000001649
08200002000000000000000159020000000000165290005000000000003471
08200002000000000000000159030000000000057850005000000000001215
08200002000000000000000159040000000000041320005000000000000868
08200002000000000000000159050000000000033060005000000000000694
08200002000000000000000159060000000000023140005000000000000486
08200002000000000000000159070000000000016530005000000000000347
08200002000000000000000159080000000000037190005000000000000781
08200002000000000000000159090000000000016530005000000000000347
08200002000000000000000159100000000000037190005000000000000781
08200002000000000000000159110000000000053720005000000000001128
08200002000000000000000159120000000000061980005000000000001302
08200002000000000000000159130000000000037190005000000000000781
08200002000000000000000159140000000000074380005000000000001562
08200002000000000000000159150000000000057850005000000000001215
08200002000000000000000159160000000000078510005000000000001649
08200002000000000000000159170000000000041320005000000000000868
08200002000000000000000159180000000000070250005000000000001475
08200002000000000000000159190000000000028930005000000000000607
08200002000000000000000159200000000000123970005000000000002603
08200002000000000000000159210000000000115700005000000000002430
08200002000000000000000159220000000000066120005000000000001388
08200002000000000000000159230000000000037190005000000000000781
08200002000000000000000159240000000000033060005000000000000694
08200002000000000000000159250000000000063220005000000000001328
08200002000000000000000159260000000000074380005000000000001562
08200002000000000000000159270000000000045450005000000000000955
08200002000000000000000159280000000000074380005000000000001562
08200002000000000000000159290000000000074380005000000000001562
08200002000000000000000159300000000000132230005000000000002777
08200002000000000000000159310000000000066120005000000000001388
08200002000000000000000159320000000000082640005000000000001736
08200002000000000000000159330000000000111570005000000000002343
08200002000000000000000159340000000000033060005000000000000694
08200002000000000000000159350000000000028930005000000000000607
08200002000000000000000159360000000000074380005000000000001562
08200002000000000000000159370000000000033060005000000000000694
08200002000000000000000159380000000000033060005000000000000694
08200002000000000000000159390000000000074380005000000000001562
08200002000000000000000159400000000000016530005000000000000347
08200002000000000000000159410000000000066120005000000000001388
08200002000000000000000159420000000000111570005000000000002343
08200002000000000000000159430000000000049590005000000000001041
08200002000000000000000159440000000000066120005000000000001388
08200002000000000000000159450000000000066120005000000000001388
08200002000000000000000159460000000000078510005000000000001649
08200002000000000000000159470000000000066120005000000000001388
08200002000000000000000159480000000000115700005000000000002430
08200002000000000000000159490000000000033060005000000000000694
08200002000000000000000159500000000000028930005000000000000607
08200002000000000000000159510000000000082640005000000000001736
08200002000000000000000159520000000000049590005000000000001041
08200002000000000000000159530000000000033060005000000000000694
08200002000000000000000159540000000000033060005000000000000694
08200002000000000000000159550000000000045450005000000000000955
08200002000000000000000159560000000000074380005000000000001562
08200002000000000000000159570000000000049590005000000000001041
08200002000000000000000159580000000000115700005000000000002430
08200002000000000000000159590000000000070250005000000000001475
08200002000000000000000159600000000000033060005000000000000694
08200002000000000000000159610000000000044630005000000000000937
08200002000000000000000159620000000000041320005000000000000868
08200002000000000000000159630000000000028930005000000000000607
08200002000000000000000159640000000000107440005000000000002256
08200002000000000000000159650000000000066120005000000000001388
08200002000000000000000159660000000000037190005000000000000781
08200002000000000000000159670000000000033060005000000000000694
08200002000000000000000159680000000000037190005000000000000781
08200002000000000000000159690000000000115700005000000000002430
08200002000000000000000159700000000000107440005000000000002256
08200002000000000000000159710000000000074380005000000000001562
08200002000000000000000159720000000000070250005000000000001475
08200002000000000000000159730000000000053720005000000000001128
08200002000000000000000159740000000000033060005000000000000694
08200002000000000000000159750000000000020660005000000000000434
08200002000000000000000159760000000000078510005000000000001649
08200002000000000000000159770000000000041320005000000000000868
08200002000000000000000159780000000000045450005000000000000955
08200002000000000000000159790000000000041320005000000000000868
08200002000000000000000159800000000000028930005000000000000607
08200002000000000000000159810000000000020660005000000000000434
08200002000000000000000159820000000000028930005000000000000607
08200002000000000000000159830000000000024790005000000000000521
08200002000000000000000159840000000000049590005000000000001041
08200002000000000000000159850000000000037190005000000000000781
08200002000000000000000159860000000000037190005000000000000781
08200002000000000000000159870000000000028930005000000000000607
08200002000000000000000159880000000000123970005000000000002603
08200002000000000000000159890000000000070250005000000000001475
08200002000000000000000159900000000000107850005000000000002265
08200002000000000000000159910000000000037190005000000000000781
08200002000000000000000159920000000000115700005000000000002430
08200002000000000000000159930000000000024790005000000000000521
08200002000000000000000159940000000000057850005000000000001215
08200002000000000000000159950000000000049590005000000000001041
08200002000000000000000159960000000000041320005000000000000868
08200002000000000000000159970000000000037190005000000000000781
08200002000000000000000159980000000000082640005000000000001736
08200002000000000000000159990000000000028930005000000000000607
08200002000000000000000160000000000000099170005000000000002083
08200002000000000000000160010000000000020660005000000000000434
08200002000000000000000160020000000000033060005000000000000694
08200002000000000000000160030000000000066120005000000000001388
08200002000000000000000160040000000000041320005000000000000868
08200002000000000000000160050000000000033060005000000000000694
08200002000000000000000160060000000000028930005000000000000607
08200002000000000000000160070000000000037190005000000000000781
08200002000000000000000160080000000000049590005000000000001041
08200002000000000000000160090000000000049590005000000000001041
08200002000000000000000160100000000000041320005000000000000868
08200002000000000000000160110000000000070250005000000000001475
08200002000000000000000160120000000000115700005000000000002430
08200002000000000000000160130000000000041320005000000000000868
08200002000000000000000160140000000000061980005000000000001302
08200002000000000000000160150000000000074380005000000000001562
08200002000000000000000160160000000000078510005000000000001649
08200002000000000000000160170000000000028930005000000000000607
08200002000000000000000160180000000000052070005000000000001093
08200002000000000000000160190000000000033060005000000000000694
08200002000000000000000160200000000000049590005000000000001041
08200002000000000000000160210000000000099170005000000000002083
08200002000000000000000160220000000000028930005000000000000607
08200002000000000000000160230000000000028930005000000000000607
08200002000000000000000160250000000000099170005000000000002083
08200002000000000000000160260000000000074380005000000000001562
08200002000000000000000160270000000000049590005000000000001041
08200002000000000000000160280000000000082640005000000000001736
08200002000000000000000160290000000000107440005000000000002256
08200002000000000000000160300000000000095040005000000000001996
08200002000000000000000160310000000000016530005000000000000347
08200002000000000000000160320000000000016530005000000000000347
08200002000000000000000160330000000000078510005000000000001649
08200002000000000000000160340000000000045450005000000000000955
08200002000000000000000160350000000000165290005000000000003471
08200002000000000000000160360000000000123970005000000000002603
08200002000000000000000160370000000000074380005000000000001562
08200002000000000000000160380000000000037190005000000000000781
08200002000000000000000160390000000000037190005000000000000781
08200002000000000000000160400000000000041320005000000000000868
08200002000000000000000160410000000000074380005000000000001562
08200002000000000000000160420000000000074380005000000000001562
08200002000000000000000160430000000000173550005000000000003645
08200002000000000000000160440000000000049590005000000000001041
08200002000000000000000160450000000000074380005000000000001562
08200002000000000000000160460000000000041320005000000000000868
08200002000000000000000160470000000000037190005000000000000781
08200002000000000000000160480000000000037190005000000000000781
08200002000000000000000160490000000000028930005000000000000607
08200002000000000000000160500000000000041320005000000000000868
08200002000000000000000160510000000000082640005000000000001736
08200002000000000000000160520000000000066120005000000000001388
08200002000000000000000160530000000000082640005000000000001736
08200002000000000000000160540000000000082640005000000000001736
08200002000000000000000160550000000000057850005000000000001215
08200002000000000000000160560000000000049590005000000000001041
08200002000000000000000160570000000000082640005000000000001736
08200002000000000000000160580000000000024790005000000000000521
08200002000000000000000160590000000000070250005000000000001475
08200002000000000000000160600000000000024790005000000000000521
08200002000000000000000160610000000000028930005000000000000607
08200002000000000000000160620000000000024790005000000000000521
08200002000000000000000160630000000000053720005000000000001128
08200002000000000000000160640000000000049590005000000000001041
08200002000000000000000160650000000000024790005000000000000521
08200002000000000000000160660000000000082640005000000000001736
08200002000000000000000160670000000000057850005000000000001215
08200002000000000000000160680000000000053720005000000000001128
08200002000000000000000160690000000000028930005000000000000607
08200002000000000000000160700000000000028930005000000000000607
08200002000000000000000160710000000000028930005000000000000607
08200002000000000000000160720000000000103310005000000000002169
08200002000000000000000160730000000000045450005000000000000955
08200002000000000000000160740000000000057850005000000000001215
08200002000000000000000160750000000000057850005000000000001215
08200002000000000000000160760000000000057850005000000000001215
08200002000000000000000160770000000000095040005000000000001996
08200002000000000000000160780000000000161160005000000000003384
08200002000000000000000160790000000000123970005000000000002603
08200002000000000000000160800000000000024790005000000000000521
08200002000000000000000160810000000000123970005000000000002603
08200002000000000000000160820000000000082640005000000000001736
08200002000000000000000160830000000000095040005000000000001996
08200002000000000000000160840000000000041320005000000000000868
08200002000000000000000160850000000000148760005000000000003124
08200002000000000000000160860000000000024790005000000000000521
08200002000000000000000160870000000000148760005000000000003124
08200002000000000000000160880000000000049590005000000000001041
08200002000000000000000160890000000000061980005000000000001302
08200002000000000000000160900000000000107440005000000000002256
08200002000000000000000160910000000000066120005000000000001388
08200002000000000000000160920000000000086780005000000000001822
08200002000000000000000160930000000000090910005000000000001909
08200002000000000000000160940000000000061980005000000000001302
08200002000000000000000160950000000000123970005000000000002603
08200002000000000000000160960000000000020660005000000000000434
08200002000000000000000160970000000000089260005000000000001874
08200002000000000000000160980000000000033060005000000000000694
08200002000000000000000160990000000000020660005000000000000434
