001000010000000000002016120180000000000305000084540000000000280000005000000000005880
001000020000000000000000001280000000000202398433960000000018000000005000000000378000
001000020000000000000000001480000000000202398433960000000020700000005000000000434700
001000020000000000000000001680000000000202398433960000000020700000005000000000434700
001000040000000000000000860280000000000201045138250000000000299450005000000000006288
001000040000000000000000860380000000000201045138250000000002196370005000000000046124
001000050000000000000003705980000000000307071743890000000000193550005000000000004064
003001060000000000000000186780000000000305597150810000000069505210005000000001459610
001000030000000000000000062480000000000307147967270000000000480000005000000000010080
001000030000000000000000071980000000000307147967270000000000480000005000000000010080
003000150000000000000000328580000000000305763742470000000036503240005000000000766568
001000150000000000000001686280000000000305763742470000000011406110005000000000239528
001000150000000000000001687480000000000305763742470000000036503260005000000000766568
003000150000000000000000332480000000000305763742470000000008395200005000000000176299
003000150000000000000000332580000000000305763742470000000006418500005000000000134788
001000150000000000000001711880000000000305763742470000000008395130005000000000176298
001000150000000000000001711980000000000305763742470000000006389320005000000000134176
001000150000000000000001750380000000000305763742470000000037130850005000000000779748
001000150000000000000001750480000000000305763742470000000011321140005000000000237744
001000150000000000000001750680000000000305763742470000000004103490005000000000086173
001000150000000000000001750780000000000305763742470000000004486670005000000000094220
001000170000000000000001006380000000000307077461880000000001427110005000000000029969
001000060000000000000009111080000000000307103884110000000000738410005000000000015507
