001000010000000000002016100180000000000305000084540000000000530000005000000000011130
001000010000000000002016100280000000000305000084540000000000009560004000000000000100
001000080000000000000004346680000000000305361583390000000000156320005000000000003283
001000040000000000000000208180000000000272445303920000000000347110005000000000007289
001000150000000000000001560480000000000305763742470000000012247080005000000000257189
001000070000000000000002796080000000000307000670210000000003604880005000000000075702
001000070000000000000002795980000000000307000670210000000006901230005000000000144926
001000070000000000000002795880000000000307000670210000000006413060005000000000134674
001000070000000000000002795780000000000307000670210000000013310900005000000000279529
001000030000000000000000093980000000000307105374840000000000426440005000000000008955
001000060000000000000000065480000000000200728060780000000031191580005000000000655023
001000060000000000000000074580000000000200728060780000000001008270005000000000021174
001000060000000000000000079680000000000200728060780000000000629750005000000000013225
001010160000000000000000677280000000000305400882130000000007519840005000000000157917
001016460000000000000000330180000000000305400882130000000027520690005000000000577935
001000040000000000000000206580000000000272445303920000000000864950005000000000018164
001000030000000000000000194280000000000307111393690000000000512400005000000000010760
001000040000000000000000360280000000000306812404930000000001472680005000000000030926
001000040000000000000000346980000000000306812404930000000000959050005000000000020140
001000030000000000000000833880000000000201645109060000000000206610005000000000004339
001000010000000000000000240080000000000307149536600000000001975200005000000000041479
001000010000000000000000245780000000000307149536600000000000826470005000000000017356
001000010000000000000000883280000000000337080667590000000029256200005000000000614380
001000050000000000000000532480000000000305528777520000000001158000005000000000024318
001000010000000000000003436480000000000307118048340000000009655640005000000000202769
001000020000000000000000537180000000000201645109060000000004132230005000000000086777
001000020000000000000000546680000000000201645109060000000000104740005000000000002199
001000020000000000000000547480000000000201645109060000000000476860005000000000010014
001000270000000000000001033280000000000305577174000000000000192630005000000000004045
001000270000000000000001020380000000000305577174000000000000846690005000000000017780
001000270000000000000001038280000000000305577174000000000000136440005000000000002865
001000270000000000000001027380000000000305577174000000000000272870005000000000005730
001000320000000000000000471080000000000305577174000000000000080240005000000000001685
001000320000000000000000470980000000000305577174000000000000260840005000000000005478
001000270000000000000001026580000000000305577174000000000000690200005000000000014494
001000270000000000000001033480000000000305577174000000000000782500005000000000016433
001000270000000000000001003880000000000305577174000000000013323750005000000000279799
001000270000000000000001022480000000000305577174000000000000445440005000000000009354
001000270000000000000001054680000000000305577174000000000000501610005000000000010534
001000270000000000000001050880000000000305577174000000000001609190005000000000033793
001000270000000000000001042080000000000305577174000000000001115560005000000000023427
001000270000000000000001042980000000000305577174000000000001031300005000000000021657
001000270000000000000001044080000000000305577174000000000000385230005000000000008090
001000010000000000000000205480000000000307151353920000000000735720005000000000015450
001000210000000000000003068180000000000336112266890000000000704790005000000000014800
001000060000000000000000322780000000000306151431930000000002688100005000000000056450
001000170000000000000000786280000000000307077461880000000000745150005000000000015648
001035840000000000000002520780000000000306787744950000000000698130005000000000014661
