00100007000000000000000023330000000000169460005000000000003559
00100007000000000000000023340000000000573860005000000000012051
00100007000000000000000023350000000000591510005000000000012422
00100007000000000000000023360000000000033080005000000000000695
00100007000000000000000023370000000000149560005000000000003141
00100007000000000000000023380000000000239740005000000000005035
00100007000000000000000023390000000000236040005000000000004957
00100007000000000000000023400000000000166090005000000000003488
00100007000000000000000023410000000000132230005000000000002777
00100007000000000000000023420000000000330990005000000000006951
00600007000000000000000005130000000000238840005000000000005016
00600007000000000000000005140000000000415430005000000000008724
00600007000000000000000005150000000000378820005000000000007955
00600007000000000000000005160000000017114830005000000000359412
00600007000000000000000005170000000013274550005000000000278766
00600007000000000000000005180000000000387770005000000000008143
00600007000000000000000005190000000000446310005000000000009373
00600007000000000000000005200000000001276830005000000000026813
00600007000000000000000005210000000002591080005000000000054413
00600007000000000000000005220000000000818240005000000000017183
00600007000000000000000005230000000001306610005000000000027439
00600007000000000000000005240000000011959710005000000000251154
00600007000000000000000005250000000008993840005000000000188871
00600007000000000000000005260000000002559830005000000000053757
00600007000000000000000005270000000002339260005000000000049124
00600007000000000000000005280000000000215660005000000000004529
00600007000000000000000005290000000000296450005000000000006225
00600007000000000000000005300000000007943070005000000000166805
00600007000000000000000005310000000001574400005000000000033062
00600007000000000000000005320000000005454920005000000000114553
00600007000000000000000005330000000000261670005000000000005495
00300007000000000000000000230000000000767720005000000000016122
00600004000000000000000013950000000013318180005000000000279682
00100007000000000000000023430000000001653700005000000000034728
00100007000000000000000023440000000000082400005000000000001730
00100007000000000000000023450000000000087400005000000000001835
00100007000000000000000023460000000000165280005000000000003471
00100007000000000000000023470000000001322340005000000000027769
00100007000000000000000023480000000004846600005000000000101779
00100007000000000000000023490000000000090870005000000000001908
00100007000000000000000023500000000002686170005000000000056409
00100007000000000000000023510000000001612500005000000000033863
00100007000000000000000023520000000000123980005000000000002604
00100007000000000000000023530000000000160340005000000000003367
00100007000000000000000023540000000000165870005000000000003483
00600007000000000000000005340000000003780350005000000000079387
00600007000000000000000005350000000001188600005000000000024960
00600007000000000000000005360000000001148550005000000000024120
00600007000000000000000005370000000001716140005000000000036039
00600007000000000000000005380000000003564860005000000000074862
00600007000000000000000005390000000003348860005000000000070326
00600007000000000000000005400000000004745210005000000000099650
00600007000000000000000005410000000000779750005000000000016375
00600007000000000000000005420000000001040400005000000000021848
00600007000000000000000005430000000000316120005000000000006638
00600007000000000000000005440000000002935100005000000000061637
00600007000000000000000005450000000001028250005000000000021593
00600007000000000000000005460000000001062150005000000000022305
00600007000000000000000005470000000000318440005000000000006687
00600007000000000000000005480000000003119010005000000000065499
00600007000000000000000005490000000000231820005000000000004868
00600007000000000000000005500000000001985210005000000000041689
00600007000000000000000005510000000000867560005000000000018219
00600007000000000000000005520000000000545550005000000000011457
00600007000000000000000005530000000001898150005000000000039861
00600007000000000000000005540000000009368610005000000000196741
00600007000000000000000005550000000000123640005000000000002596
00600007000000000000000005560000000000134170005000000000002818
00600007000000000000000005570000000000087110005000000000001829
00600007000000000000000005580000000000095120005000000000001997
00600007000000000000000005590000000000842180005000000000017686
00600004000000000000000013960000000011738030005000000000246499
00100007000000000000000023550000000002008530005000000000042179
00100007000000000000000023560000000000389880005000000000008187
00100007000000000000000023570000000000059570005000000000001251
00100007000000000000000023580000000010579600005000000000222171
00100007000000000000000023590000000000165770005000000000003481
00100007000000000000000023600000000000190100005000000000003992
00100007000000000000000023610000000000132230005000000000002777
00100007000000000000000023620000000000244460005000000000005134
00100007000000000000000023630000000000116120005000000000002439
00100007000000000000000023640000000000231820005000000000004868
00600007000000000000000005600000000000957020005000000000020098
00600004000000000000000013970000000007781830005000000000163419
00100007000000000000000023650000000001074570005000000000022566
00100007000000000000000023660000000000231700005000000000004866
00100007000000000000000023670000000000103320005000000000002170
00100007000000000000000023680000000001263300005000000000026529
00100007000000000000000023690000000000132230005000000000002777
00100007000000000000000023700000000000025290005000000000000531
00100007000000000000000023710000000000715120005000000000015017
00600007000000000000000005610000000000384930005000000000008083
00600007000000000000000005620000000000095080005000000000001997
00600007000000000000000005630000000000119860005000000000002517
00600007000000000000000005640000000000396700005000000000008331
00600007000000000000000005650000000000314070005000000000006596
00600007000000000000000005660000000000136410005000000000002865
00600007000000000000000005670000000000752450005000000000015801
00600007000000000000000005680000000000400790005000000000008417
00600007000000000000000005690000000000248180005000000000005212
00600007000000000000000005700000000001053760005000000000022129
00600007000000000000000005710000000000524810005000000000011021
00600007000000000000000005720000000008140050005000000000170941
00600007000000000000000005740000000003719400005000000000078108
00100007000000000000000023720000000000241650005000000000005075
00100007000000000000000023730000000000116200005000000000002440
00100007000000000000000023740000000001322340005000000000027769
00100007000000000000000023750000000000302770005000000000006358
00100007000000000000000023760000000000372280005000000000007818
00100007000000000000000023770000000001837490005000000000038587
00100007000000000000000023780000000006275600005000000000131787
00100007000000000000000023790000000001066890005000000000022405
00600007000000000000000005750000000000049830005000000000001047
00600007000000000000000005760000000000853650005000000000017927
00600007000000000000000005770000000000215550005000000000004527
00600007000000000000000005780000000000174920005000000000003673
00600007000000000000000005790000000000016740005000000000000351
00600007000000000000000005800000000000066100005000000000001388
00600007000000000000000005810000000000099220005000000000002084
00600007000000000000000005820000000000087110005000000000001829
00600007000000000000000005830000000000123920005000000000002602
00600007000000000000000005840000000000140470005000000000002950
00600007000000000000000005850000000007259070005000000000152440
00600007000000000000000005860000000000082910005000000000001741
00600007000000000000000005870000000000194590005000000000004086
00600007000000000000000005890000000002248640005000000000047221
00600007000000000000000005900000000000049170005000000000001033
00600007000000000000000005910000000000126450005000000000002655
00600007000000000000000005920000000000066100005000000000001388
00600007000000000000000005930000000000032310005000000000000679
00600007000000000000000005940000000000099920005000000000002098
00600007000000000000000005950000000000126450005000000000002655
00600007000000000000000005960000000000051540005000000000001082
00600007000000000000000005970000000000132230005000000000002777
00600007000000000000000005980000000001454600005000000000030547
00100007000000000000000023800000000002427060005000000000050968
00100007000000000000000023810000000000066730005000000000001401
00100007000000000000000023820000000000281700005000000000005916
00100007000000000000000023830000000000575330005000000000012082
00100007000000000000000023840000000000097930005000000000002056
00100007000000000000000023850000000000029050005000000000000610
00100007000000000000000023860000000000105790005000000000002222
00100007000000000000000023870000000005065300005000000000106371
00100007000000000000000023880000000000064690005000000000001358
00100007000000000000000023890000000002224520005000000000046715
00600007000000000000000005990000000000044260005000000000000929
00600007000000000000000006000000000000077980005000000000001637
00600007000000000000000006010000000000050580005000000000001062
00600007000000000000000006020000000000049170005000000000001033
00600007000000000000000006030000000000091320005000000000001918
00600007000000000000000006040000000000454530005000000000009545
00600007000000000000000006050000000000096100005000000000002018
00600007000000000000000006060000000000264470005000000000005554
00600007000000000000000006070000000002718880005000000000057096
00600007000000000000000006080000000000132230005000000000002777
00600007000000000000000006090000000000528940005000000000011108
00600007000000000000000006100000000000233930005000000000004912
00600007000000000000000006110000000000086410005000000000001815
00600007000000000000000006120000000000041360005000000000000869
00600007000000000000000006130000000000264470005000000000005554
00600007000000000000000006140000000000159490005000000000003349
00600007000000000000000006150000000000099220005000000000002084
00600007000000000000000006160000000000023880005000000000000502
00600007000000000000000006170000000000484710005000000000010179
00600007000000000000000006180000000000081240005000000000001706
00600007000000000000000006190000000000118720005000000000002493
00600007000000000000000006200000000000292930005000000000006152
00600004000000000000000013980000000004413400005000000000092681
00100007000000000000000023900000000000057850005000000000001215
00100007000000000000000023910000000000219880005000000000004617
00100007000000000000000023920000000000358970005000000000007538
00100007000000000000000023930000000000066650005000000000001400
00100007000000000000000023940000000000132230005000000000002777
00100007000000000000000023950000000000108240005000000000002273
00100007000000000000000023960000000257771260005000000005413197
00100007000000000000000023970000000000078680005000000000001652
00100007000000000000000023980000000000569010005000000000011949
00100007000000000000000023990000000000543500005000000000011414
00100007000000000000000024000000000000793410005000000000016662
00600007000000000000000006210000000000149280005000000000003135
00600007000000000000000006220000000000062350005000000000001309
00600007000000000000000006230000000001980990005000000000041601
00600004000000000000000013990000000006411580005000000000134643
00100007000000000000000024010000000000173160005000000000003636
00100007000000000000000024020000000000079330005000000000001666
00100007000000000000000024030000000000550740005000000000011565
00100007000000000000000024040000000000107480005000000000002257
00100007000000000000000024050000000000173570005000000000003645
00100007000000000000000024060000000000074530005000000000001565
00100007000000000000000024070000000000040740005000000000000856
00100007000000000000000024080000000000264770005000000000005560
00100007000000000000000024090000000000189260005000000000003974
00100007000000000000000024100000000000735840005000000000015453
00100007000000000000000024110000000000132230005000000000002777
00100007000000000000000024120000000000636450005000000000013365
00100007000000000000000024130000000003097930005000000000065056
00100007000000000000000024140000000001547950005000000000032507
00600007000000000000000006240000000000234450005000000000004923
00600007000000000000000006250000000000092730005000000000001947
00600004000000000000000014000000000016608240005000000000348773
00100007000000000000000024150000000000079380005000000000001667
00100007000000000000000024160000000001845000005000000000038745
00100007000000000000000024170000000000182580005000000000003834
00100007000000000000000024180000000023832600005000000000500484
00100007000000000000000024190000000017241880005000000000362080
00100007000000000000000024200000000000153140005000000000003216
00100007000000000000000024210000000000370920005000000000007789
00600007000000000000000006260000000000096940005000000000002036
00600007000000000000000006270000000000870930005000000000018290
00600007000000000000000006280000000000012890005000000000000271
00600007000000000000000006290000000000912440005000000000019161
00600007000000000000000006300000000000050580005000000000001062
00600007000000000000000006310000000000165290005000000000003471
00600004000000000000000014010000000009566120005000000000200888
00100007000000000000000024220000000000070240005000000000001475
00100007000000000000000024230000000000182650005000000000003836
00100007000000000000000024240000000000143300005000000000003009
00100007000000000000000024250000000000070950005000000000001490
00100007000000000000000024260000000000164170005000000000003447
00100007000000000000000024270000000000025290005000000000000531
00100007000000000000000024280000000000024740005000000000000520
00600007000000000000000006320000000000656820005000000000013793
00600007000000000000000006330000000000785260005000000000016490
00600007000000000000000006340000000003804080005000000000079886
00600004000000000000000014020000000005652570005000000000118704
00100007000000000000000024290000000003306170005000000000069429
00100007000000000000000024300000000008661360005000000000181888
00100007000000000000000024310000000000296710005000000000006231
00100007000000000000000024320000000001020000005000000000021420
00100007000000000000000024330000000000093430005000000000001962
00100007000000000000000024340000000000160880005000000000003378
00100007000000000000000024350000000000078680005000000000001652
00600007000000000000000006350000000000108890005000000000002287
00600007000000000000000006360000000000495870005000000000010413
00600007000000000000000006370000000000446280005000000000009372
00600007000000000000000006380000000000370910005000000000007789
00600007000000000000000006390000000000165450005000000000003475
00800007000000000000000000040000000000495870005000000000010413
00100007000000000000000024360000000000081820005000000000001718
00100007000000000000000024370000000000573220005000000000012038
00100007000000000000000024380000000000536980005000000000011277
00100007000000000000000024390000000001502430005000000000031551
00100007000000000000000024400000000000384970005000000000008084
00100007000000000000000024410000000001628280005000000000034194
00100007000000000000000024420000000000082650005000000000001736
00600007000000000000000006400000000000132480005000000000002782
00600007000000000000000006410000000000157640005000000000003311
00600007000000000000000006420000000001290060005000000000027091
00600007000000000000000006430000000000116030005000000000002437
00600007000000000000000006440000000000396700005000000000008331
00600004000000000000000014030000000015908900005000000000334087
00100007000000000000000024430000000000064460005000000000001354
00100007000000000000000024440000000000864980005000000000018165
00100007000000000000000024450000000000491190005000000000010315
00100007000000000000000024460000000000132230005000000000002777
00100007000000000000000024470000000000071070005000000000001492
00100007000000000000000024480000000000321380005000000000006749
00100007000000000000000024490000000000293400005000000000006161
00100007000000000000000024500000000000867880005000000000018226
00100007000000000000000024510000000001346650005000000000028280
00100007000000000000000024520000000000620330005000000000013027
00100007000000000000000024530000000148761530005000000003123992
00100007000000000000000024550000000148761530005000000003123992
00100007000000000000000024560000000148761530005000000003123992
00600007000000000000000006450000000000280990005000000000005901
00600007000000000000000006460000000001020720005000000000021435
00300007000000000000000000240000000148761530005000000003123992
00300007000000000000000000250000000148761530005000000003123992
00300007000000000000000000260000000148761530005000000003123992
00300007000000000000000000270000000148761530005000000003123992
00600004000000000000000014040000000009048770005000000000190024
00100007000000000000000024570000000000177020005000000000003717
00100007000000000000000024580000000000091320005000000000001918
00100007000000000000000024590000000000074410005000000000001563
00100007000000000000000024600000000000144640005000000000003037
00100007000000000000000024610000000000016580005000000000000348
00100007000000000000000024620000000000105830005000000000002223
00100007000000000000000024630000000000338880005000000000007116
00100007000000000000000024640000000000132230005000000000002777
00100007000000000000000024650000000000825660005000000000017339
00100007000000000000000024660000000000553790005000000000011630
00100007000000000000000024670000000000056690005000000000001190
00100007000000000000000024680000000000124010005000000000002604
00100007000000000000000024690000000002127410005000000000044676
00100007000000000000000024700000000148760350005000000003123967
00100007000000000000000024710000000000623940005000000000013103
00100007000000000000000024720000000000264470005000000000005554
00600007000000000000000006470000000006368580005000000000133740
00600007000000000000000006480000000000016530005000000000000347
00600007000000000000000006490000000003207030005000000000067348
00600007000000000000000006500000000000129960005000000000002729
00600004000000000000000014050000000010796860005000000000226734
00100007000000000000000024730000000000293570005000000000006165
00100007000000000000000024740000000000131440005000000000002760
00100007000000000000000024750000000000670280005000000000014076
00100007000000000000000024760000000000161160005000000000003384
00100007000000000000000024770000000000165770005000000000003481
00100007000000000000000024780000000000190400005000000000003998
00100007000000000000000024790000000006327750005000000000132883
00100007000000000000000024800000000002247510005000000000047198
00100007000000000000000024810000000000102410005000000000002151
00100007000000000000000024820000000000528930005000000000011107
00100007000000000000000024830000000000066650005000000000001400
00100007000000000000000024840000000000041450005000000000000870
00100007000000000000000024850000000000420790005000000000008837
00100007000000000000000024860000000001121160005000000000023544
00100007000000000000000024870000000000079550005000000000001671
00100007000000000000000024880000000000917360005000000000019265
00100007000000000000000024900000000000166810005000000000003503
00600007000000000000000006510000000000553910005000000000011632
00600007000000000000000006520000000000319870005000000000006717
00600007000000000000000006530000000000082930005000000000001742
00600007000000000000000006540000000000169470005000000000003559
00600007000000000000000006550000000000247310005000000000005194
00600007000000000000000006560000000001485880005000000000031204
00600007000000000000000006570000000000266940005000000000005606
00600007000000000000000006580000000002091260005000000000043916
00600007000000000000000006590000000001489100005000000000031271
00600007000000000000000006600000000000719760005000000000015115
00600007000000000000000006610000000000033640005000000000000707
00600007000000000000000006620000000000074380005000000000001562
00600007000000000000000006630000000001190140005000000000024993
00600007000000000000000006640000000000252070005000000000005293
00600007000000000000000006650000000000079020005000000000001660
00600007000000000000000006660000000000037230005000000000000782
00600007000000000000000006670000000000144170005000000000003027
00600007000000000000000006680000000000043010005000000000000903
00600007000000000000000006690000000000231820005000000000004868
00600007000000000000000006700000000000396700005000000000008331
00100007000000000000000024910000000000061980005000000000001302
00100007000000000000000024920000000000099790005000000000002096
00100007000000000000000024930000000000198360005000000000004166
00100007000000000000000024940000000000446320005000000000009373
00100007000000000000000024950000000007541990005000000000158382
00100007000000000000000024960000000001143030005000000000024004
00100007000000000000000024970000000000213550005000000000004485
00100007000000000000000024980000000000182090005000000000003824
00100007000000000000000024990000000000033670005000000000000707
00600007000000000000000006710000000000367790005000000000007724
00600007000000000000000006720000000000388500005000000000008158
00600007000000000000000006730000000000157850005000000000003315
00600007000000000000000006740000000000024990005000000000000525
00600007000000000000000006750000000000074550005000000000001565
00600007000000000000000006760000000000035540005000000000000746
00600007000000000000000006770000000000016540005000000000000347
00600007000000000000000006780000000000091320005000000000001918
00600007000000000000000006790000000000010090005000000000000212
00600007000000000000000006800000000000157650005000000000003311
00600007000000000000000006810000000000148790005000000000003125
00600007000000000000000006820000000000090940005000000000001910
00800007000000000000000000050000000000074550005000000000001565
00100007000000000000000025000000000000413240005000000000008678
00600007000000000000000006830000000000793480005000000000016663
00600007000000000000000006840000000002149000005000000000045129
00600007000000000000000006850000000000175210005000000000003679
00100007000000000000000025010000000000070250005000000000001475
00100007000000000000000025020000000000057790005000000000001214
00100007000000000000000025030000000000047940005000000000001007
00100007000000000000000025040000000000099310005000000000002085
00100007000000000000000025050000000001956470005000000000041086
00100007000000000000000025060000000000120930005000000000002540
00100007000000000000000025070000000000264470005000000000005554
00100007000000000000000025080000000000074380005000000000001562
00100007000000000000000025090000000000024790005000000000000521
00100007000000000000000025100000000000055370005000000000001163
00100007000000000000000025110000000006572050005000000000138013
00100007000000000000000025120000000000049600005000000000001042
00100007000000000000000025130000000000404960005000000000008504
00100007000000000000000025140000000000190100005000000000003992
00100007000000000000000025150000000264464950005000000005553764
00100007000000000000000025160000000085187290005000000001788933
00100007000000000000000025170000000002355500005000000000049466
00600007000000000000000006860000000000076870005000000000001614
00600007000000000000000006870000000000079280005000000000001665
00600007000000000000000006880000000000174130005000000000003657
00600007000000000000000006890000000000492260005000000000010338
00600007000000000000000006900000000000132230005000000000002777
00600007000000000000000006910000000000309920005000000000006508
00600007000000000000000006920000000000529350005000000000011116
00600007000000000000000006930000000000389880005000000000008187
00600007000000000000000006940000000000409280005000000000008595
00600007000000000000000006950000000000095580005000000000002007
00600007000000000000000006960000000002851330005000000000059878
00600007000000000000000006970000000001048190005000000000022012
00600007000000000000000006980000000000297850005000000000006255
00600007000000000000000006990000000000636250005000000000013361
00600007000000000000000007000000000003307450005000000000069457
00100007000000000000000025180000000000380220005000000000007985
00100007000000000000000025190000000000099400005000000000002088
00100007000000000000000025200000000001405010005000000000029505
00100007000000000000000025210000000000173600005000000000003645
00100007000000000000000025220000000000066130005000000000001389
00100007000000000000000025230000000000132300005000000000002778
00100007000000000000000025240000000043560950005000000000914780
00100007000000000000000025250000000004404240005000000000092489
00100007000000000000000025260000000008272400005000000000173720
00100007000000000000000025270000000000264470005000000000005554
00100007000000000000000025280000000000136220005000000000002861
00100007000000000000000025290000000206245350005000000004331152
00100007000000000000000025300000000000326740005000000000006861
00100007000000000000000025310000000248176740005000000005211711
00100007000000000000000025320000000000107480005000000000002257
00600007000000000000000007010000000000087110005000000000001829
00600007000000000000000007020000000000184500005000000000003874
00600007000000000000000007030000000000253490005000000000005323
00600007000000000000000007040000000000056150005000000000001179
00600007000000000000000007050000000000239720005000000000005034
00600007000000000000000007060000000000099340005000000000002086
00600007000000000000000007070000000000264470005000000000005554
00600007000000000000000007080000000000073640005000000000001546
00600007000000000000000007090000000000379100005000000000007961
00600007000000000000000007100000000000074400005000000000001563
00600007000000000000000007110000000000169690005000000000003564
00600007000000000000000007120000000000103260005000000000002169
00600007000000000000000007130000000000297520005000000000006248
00600007000000000000000007150000000000122330005000000000002569
00600007000000000000000007160000000000185950005000000000003905
00600007000000000000000007170000000004585950005000000000096305
00600007000000000000000007180000000000094910005000000000001993
00600007000000000000000007190000000000062190005000000000001306
00600007000000000000000007200000000000095290005000000000002001
00600007000000000000000007210000000000034900005000000000000733
00600007000000000000000007220000000000064510005000000000001355
00600007000000000000000007230000000000152970005000000000003212
00300007000000000000000000280000000000380220005000000000007985
00100007000000000000000025330000000000082900005000000000001741
00100007000000000000000025340000000000173710005000000000003648
00100007000000000000000025350000000000067780005000000000001423
00100007000000000000000025360000000000157100005000000000003299
00100007000000000000000025370000000120120300005000000002522526
00100007000000000000000025380000000083988710005000000001763763
00100007000000000000000025390000000000070280005000000000001476
00100007000000000000000025400000000000404880005000000000008502
00100007000000000000000025410000000000661170005000000000013885
00100007000000000000000025430000000000438090005000000000009200
00100007000000000000000025450000000047688740005000000001001464
00100007000000000000000025460000000000275230005000000000005780
00100007000000000000000025470000000001207430005000000000025356
00100007000000000000000025480000000000050020005000000000001050
00100007000000000000000025490000000001303310005000000000027369
00600007000000000000000007240000000000264670005000000000005558
00600007000000000000000007250000000000496240005000000000010421
00600007000000000000000007260000000000264470005000000000005554
00600007000000000000000007270000000000074460005000000000001564
00600007000000000000000007280000000000247970005000000000005207
00600007000000000000000007290000000000942170005000000000019786
00600007000000000000000007300000000000510000005000000000010710
00600007000000000000000007310000000000466970005000000000009806
00600007000000000000000007320000000000136070005000000000002858
00600007000000000000000007330000000000029010005000000000000609
00600007000000000000000007340000000000202480005000000000004252
00600007000000000000000007350000000000056200005000000000001180
00600007000000000000000007360000000000173380005000000000003641
00600007000000000000000007370000000000029160005000000000000612
00600007000000000000000007380000000000124410005000000000002613
00600007000000000000000007390000000000069450005000000000001458
00600007000000000000000007400000000000132230005000000000002777
00600007000000000000000007410000000000062020005000000000001302
00600007000000000000000007420000000000190080005000000000003992
00600007000000000000000007430000000000272750005000000000005728
00600007000000000000000007440000000000045450005000000000000955
00600007000000000000000007450000000000275210005000000000005779
00600007000000000000000007460000000000454580005000000000009546
00300007000000000000000000290000000000438090005000000000009200
00100007000000000000000025500000000000090940005000000000001910
00100007000000000000000025510000000000165340005000000000003472
00100007000000000000000025520000000000206610005000000000004339
00100007000000000000000025530000000000470270005000000000009876
00100007000000000000000025540000000000432340005000000000009079
00100007000000000000000025550000000000239690005000000000005034
00100007000000000000000025560000000000046340005000000000000973
00100007000000000000000025570000000000035540005000000000000746
00100007000000000000000025580000000170497320005000000003580444
00100007000000000000000025590000000347107600005000000007289260
00100007000000000000000025600000000000202480005000000000004252
00100007000000000000000025610000000002231450005000000000046861
00100007000000000000000025620000000004793680005000000000100667
00600007000000000000000007470000000000002950005000000000000062
00600007000000000000000007480000000000026240005000000000000551
00600007000000000000000007490000000000496120005000000000010418
00600007000000000000000007500000000000351440005000000000007380
00600007000000000000000007510000000000020650005000000000000434
00600007000000000000000007520000000000132230005000000000002777
00600007000000000000000007530000000000235580005000000000004947
00600007000000000000000007540000000000078530005000000000001649
00600007000000000000000007550000000000388430005000000000008157
00600007000000000000000007560000000000161160005000000000003384
00600007000000000000000007570000000000239800005000000000005036
00600007000000000000000007580000000000400400005000000000008408
00600007000000000000000007590000000000061260005000000000001286
00600007000000000000000007600000000000095050005000000000001996
00600007000000000000000007610000000000386780005000000000008122
00600007000000000000000007620000000000045470005000000000000955
00600007000000000000000007630000000000094220005000000000001979
00600007000000000000000007640000000000037190005000000000000781
00600007000000000000000007650000000000396700005000000000008331
00600007000000000000000007660000000000275120005000000000005778
00600007000000000000000007670000000001079900005000000000022678
00100007000000000000000025630000000000182650005000000000003836
00100007000000000000000025640000000000285310005000000000005992
00100007000000000000000025650000000000062540005000000000001313
00100007000000000000000025660000000000603450005000000000012673
00100007000000000000000025670000000000071230005000000000001496
00100007000000000000000025680000000000322220005000000000006767
00100007000000000000000025690000000000401360005000000000008428
00100007000000000000000025700000000000124350005000000000002611
00600007000000000000000007680000000000086780005000000000001822
00600007000000000000000007690000000000074580005000000000001566
00600007000000000000000007700000000000123990005000000000002604
00600007000000000000000007710000000000482190005000000000010126
00600007000000000000000007720000000000123970005000000000002603
00600007000000000000000007730000000001485400005000000000031193
00600007000000000000000007740000000000264470005000000000005554
00600007000000000000000007750000000000319630005000000000006712
00600007000000000000000007760000000000124510005000000000002615
00600004000000000000000014060000000001533140005000000000032196
00100007000000000000000025710000000098387850005000000002066145
00100007000000000000000025720000000000603400005000000000012672
00100007000000000000000025730000000124326440005000000002610855
00600007000000000000000007770000000000552150005000000000011595
00600007000000000000000007780000000001053760005000000000022129
00600007000000000000000007790000000000009930005000000000000208
00600004000000000000000014070000000003552890005000000000074611
00100005000000000000000055220000000000640500005000000000013451
00100005000000000000000055230000000000971310005000000000020398
00100005000000000000000055240000000001381820005000000000029018
00100005000000000000000055250000000001584440005000000000033273
00600005000000000000000098880000000000078510005000000000001649
00600005000000000000000098890000000002103310005000000000044169
00600005000000000000000098900000000001034710005000000000021729
00600005000000000000000098910000000002642150005000000000055485
00600005000000000000000098920000000000198350005000000000004165
00600005000000000000000098930000000000818180005000000000017182
00600005000000000000000098940000000000991740005000000000020826
00600005000000000000000098950000000000414050005000000000008695
00600005000000000000000098960000000000198350005000000000004165
00600005000000000000000098970000000002851240005000000000059876
00100005000000000000000055260000000002971540005000000000062402
00100005000000000000000055270000000002763640005000000000058036
00100005000000000000000055280000000002471060005000000000051892
00100005000000000000000055290000000004826400005000000000101354
00600005000000000000000098980000000000068600005000000000001440
00600005000000000000000098990000000000942150005000000000019785
00600005000000000000000099000000000001838930005000000000038617
00600005000000000000000099010000000001198350005000000000025165
00600005000000000000000099020000000002280980005000000000047900
00600005000000000000000099030000000004063640005000000000085336
00600005000000000000000099040000000000316530005000000000006647
00600005000000000000000099050000000000425620005000000000008938
00100005000000000000000055300000000002772720005000000000058227
00100005000000000000000055310000000000744000005000000000015624
00100005000000000000000055320000000001375080005000000000028877
00600005000000000000000099060000000003305790005000000000069421
00600005000000000000000099070000000000925620005000000000019438
00600005000000000000000099080000000000388430005000000000008157
00600005000000000000000099090000000000446280005000000000009372
00600005000000000000000099100000000001009590005000000000021201
00600005000000000000000099110000000000429750005000000000009025
00600005000000000000000099120000000000188430005000000000003957
00600005000000000000000099130000000001636530005000000000034367
00600005000000000000000099140000000000264460005000000000005554
00100006000000000000000001680000000025000000005000000000525000
00100005000000000000000055330000000001884000005000000000039564
00600005000000000000000099150000000000070250005000000000001475
00600005000000000000000099160000000001074380005000000000022562
00600005000000000000000099170000000000289260005000000000006074
00600005000000000000000099180000000001202480005000000000025252
00600005000000000000000099190000000000132230005000000000002777
00600005000000000000000099200000000000106610005000000000002239
00600005000000000000000099210000000000495870005000000000010413
00600005000000000000000099220000000002289260005000000000048074
00100005000000000000000055340000000000286620005000000000006019
00100005000000000000000055350000000001884300005000000000039570
00600005000000000000000099230000000000826450005000000000017355
00600005000000000000000099240000000000264460005000000000005554
00600005000000000000000099250000000000458670005000000000009632
00600005000000000000000099260000000003192640005000000000067046
00600005000000000000000099270000000002878510005000000000060449
00600005000000000000000099280000000000644630005000000000013537
00600005000000000000000099290000000003966940005000000000083306
00100005000000000000000055360000000001074380005000000000022562
00100005000000000000000055370000000000826440005000000000017355
00600005000000000000000099300000000000338840005000000000007116
00600005000000000000000099310000000000607440005000000000012756
00600005000000000000000099320000000000308260005000000000006474
00600005000000000000000099330000000001099170005000000000023083
00600005000000000000000099340000000000644630005000000000013537
00600005000000000000000099350000000001509690005000000000031703
00600005000000000000000099360000000002491570005000000000052323
00600005000000000000000099370000000000252890005000000000005311
00600005000000000000000099380000000002561980005000000000053802
00600005000000000000000099390000000001214880005000000000025512
00600005000000000000000099400000000000229420005000000000004818
00600005000000000000000099410000000000563640005000000000011836
00600005000000000000000099420000000000483470005000000000010153
00600005000000000000000099430000000000262810005000000000005519
00600005000000000000000099440000000000221490005000000000004651
00600005000000000000000099450000000000681820005000000000014318
00600005000000000000000099460000000000752070005000000000015793
00600005000000000000000099470000000002751240005000000000057776
00600005000000000000000099480000000003305790005000000000069421
00600005000000000000000099490000000002314050005000000000048595
00600005000000000000000099500000000000330580005000000000006942
00600005000000000000000099510000000000185950005000000000003905
00100006000000000000000001690000000040044000005000000000840924
00100006000000000000000001700000000011000000005000000000231000
00100006000000000000000001710000000008000000005000000000168000
00100005000000000000000055380000000001376310005000000000028903
00100005000000000000000055390000000000252900005000000000005311
00100005000000000000000055400000000000641320005000000000013468
00600005000000000000000099520000000003057850005000000000064215
00600005000000000000000099530000000001107440005000000000023256
00600005000000000000000099540000000003791740005000000000079626
00600005000000000000000099550000000000364460005000000000007654
00600005000000000000000099560000000000404960005000000000008504
00600005000000000000000099570000000000707440005000000000014856
00600005000000000000000099580000000002301650005000000000048335
00600005000000000000000099590000000000099170005000000000002083
00600005000000000000000099600000000000551740005000000000011586
00600005000000000000000099610000000000324790005000000000006821
00100005000000000000000055410000000000190080005000000000003992
00100005000000000000000055420000000000256200005000000000005380
00100005000000000000000055430000000004504240005000000000094589
00600005000000000000000099620000000002396940005000000000050336
00600005000000000000000099630000000000132230005000000000002777
00600005000000000000000099640000000000099170005000000000002083
00600005000000000000000099650000000005892560005000000000123744
00600005000000000000000099660000000001024790005000000000021521
00600005000000000000000099670000000000731400005000000000015360
00600005000000000000000099680000000005401650005000000000113435
00600005000000000000000099690000000000314050005000000000006595
00600005000000000000000099700000000001327270005000000000027873
00600005000000000000000099710000000004056200005000000000085180
00600005000000000000000099720000000002007440005000000000042156
00600005000000000000000099730000000000702480005000000000014752
00100005000000000000000055440000000000661150005000000000013884
00100005000000000000000055450000000000847110005000000000017789
00100005000000000000000055460000000000826440005000000000017355
00600005000000000000000099740000000001140500005000000000023950
00600005000000000000000099750000000010231400005000000000214860
00600005000000000000000099760000000000223140005000000000004686
00600005000000000000000099770000000000297520005000000000006248
00600005000000000000000099780000000000227260005000000000004773
00600005000000000000000099790000000003397930005000000000071357
00600005000000000000000099800000000000641320005000000000013468
00600005000000000000000099810000000000942150005000000000019785
00600005000000000000000099820000000001223140005000000000025686
00600005000000000000000099830000000010353720005000000000217428
00600005000000000000000099840000000001570250005000000000032975
00100005000000000000000055470000000000248000005000000000005208
00100005000000000000000055480000000000198340005000000000004165
00100005000000000000000055490000000003140410005000000000065949
00100005000000000000000055500000000000444600005000000000009337
00100005000000000000000055510000000001234710005000000000025929
00600005000000000000000099850000000000909090005000000000019091
00600005000000000000000099860000000000975210005000000000020479
00600005000000000000000099870000000000958680005000000000020132
00600005000000000000000099880000000001228100005000000000025790
00600005000000000000000099890000000000194210005000000000004079
00600005000000000000000099900000000000380170005000000000007983
00600005000000000000000099910000000009563640005000000000200836
00600005000000000000000099920000000000971070005000000000020393
00600005000000000000000099930000000001553720005000000000032628
00600005000000000000000099940000000000337190005000000000007081
00100005000000000000000055520000000000130580005000000000002742
00600005000000000000000099950000000000214860005000000000004512
00600005000000000000000099960000000002077690005000000000043631
00600005000000000000000099970000000000553720005000000000011628
00600005000000000000000099980000000021074380005000000000442562
00600005000000000000000099990000000001743800005000000000036620
00600005000000000000000100000000000002875870005000000000060393
00600005000000000000000100010000000000454550005000000000009545
00600005000000000000000100020000000000190080005000000000003992
00600005000000000000000100030000000003509590005000000000073701
00100005000000000000000055530000000002479500005000000000052070
00600005000000000000000100040000000000294210005000000000006179
00600005000000000000000100050000000001306610005000000000027439
00600005000000000000000100060000000000214880005000000000004512
00600005000000000000000100070000000000198350005000000000004165
00600005000000000000000100080000000003851240005000000000080876
00600005000000000000000100090000000002657020005000000000055798
00600005000000000000000100100000000000921490005000000000019351
00100005000000000000000055540000000000619860005000000000013017
00600005000000000000000100110000000006979830005000000000146577
00600005000000000000000100120000000002003720005000000000042078
00600005000000000000000100130000000000041320005000000000000868
00600005000000000000000100140000000000061980005000000000001302
00600005000000000000000100150000000000367770005000000000007723
00600005000000000000000100160000000000987600005000000000020740
00600005000000000000000100170000000000754460005000000000015844
00600005000000000000000100180000000003376030005000000000070897
00600005000000000000000100190000000017284790005000000000362981
00100005000000000000000055550000000000528920005000000000011107
00100005000000000000000055560000000000582640005000000000012235
00100005000000000000000055570000000000174070005000000000003655
00600005000000000000000100200000000002644630005000000000055537
00600005000000000000000100210000000001912400005000000000040160
00600005000000000000000100220000000001487600005000000000031240
00600005000000000000000100230000000000681820005000000000014318
00600005000000000000000100240000000000745450005000000000015655
00600005000000000000000100250000000000297520005000000000006248
00600005000000000000000100260000000000297520005000000000006248
00600005000000000000000100270000000002396690005000000000050331
00600005000000000000000100280000000000396690005000000000008331
00600005000000000000000100290000000000066120005000000000001388
00600005000000000000000100300000000000202480005000000000004252
00600005000000000000000100310000000000396690005000000000008331
00600005000000000000000100320000000000260330005000000000005467
00600005000000000000000100330000000000198840005000000000004176
00600005000000000000000100340000000000132230005000000000002777
00100005000000000000000055580000000000388380005000000000008156
00600005000000000000000100350000000000933880005000000000019612
00600005000000000000000100360000000009496800005000000000199433
00600005000000000000000100370000000002540990005000000000053361
00600005000000000000000100380000000002778510005000000000058349
00600005000000000000000100390000000001240990005000000000026061
00600005000000000000000100400000000000417360005000000000008764
00100005000000000000000055590000000000528920005000000000011107
00100005000000000000000055600000000000623930005000000000013103
00100005000000000000000055610000000000309900005000000000006508
00100005000000000000000055620000000001239660005000000000026033
00600005000000000000000100410000000002669420005000000000056058
00600005000000000000000100420000000000495870005000000000010413
00600005000000000000000100430000000000301650005000000000006335
00600005000000000000000100440000000000224790005000000000004721
00600005000000000000000100450000000001396690005000000000029331
00600005000000000000000100460000000000388430005000000000008157
00600005000000000000000100470000000000714880005000000000015012
00100005000000000000000055630000000000396690005000000000008330
00100005000000000000000055640000000000103300005000000000002169
00600005000000000000000100480000000000361160005000000000007584
00600005000000000000000100490000000000652890005000000000013711
00600005000000000000000100500000000000095040005000000000001996
00600005000000000000000100510000000000509920005000000000010708
00600005000000000000000100520000000000132230005000000000002777
00600005000000000000000100530000000000247930005000000000005207
00600005000000000000000100540000000001172560005000000000024624
00600005000000000000000100550000000000194210005000000000004079
00600005000000000000000100560000000000128100005000000000002690
00600005000000000000000100570000000001115700005000000000023430
00600005000000000000000100580000000000297520005000000000006248
00600005000000000000000100590000000000123470005000000000002593
00600005000000000000000100600000000000396690005000000000008331
00100005000000000000000055650000000000641240005000000000013466
00100005000000000000000055660000000000896690005000000000018830
00100005000000000000000055670000000005107440005000000000107256
00600005000000000000000100610000000000449260005000000000009434
00600005000000000000000100620000000000342980005000000000007202
00600005000000000000000100630000000001128100005000000000023690
00600005000000000000000100640000000000512400005000000000010761
00600005000000000000000100650000000000157020005000000000003298
00600005000000000000000100660000000000264460005000000000005554
00100005000000000000000055680000000002644600005000000000055537
00600005000000000000000100670000000000227270005000000000004773
00600005000000000000000100680000000001655370005000000000034763
00600005000000000000000100690000000002138020005000000000044898
00600005000000000000000100700000000000495870005000000000010413
00600005000000000000000100710000000001962810005000000000041219
00600005000000000000000100720000000000690080005000000000014492
00100005000000000000000055690000000000909000005000000000019089
00600005000000000000000100730000000000585950005000000000012305
00600005000000000000000100740000000001353720005000000000028428
00600005000000000000000100750000000000173550005000000000003645
00600005000000000000000100760000000001033060005000000000021694
00600005000000000000000100770000000000123970005000000000002603
