00100004000000000000000006040000000000214880005000000000004512
00100004000000000000000006050000000000053720005000000000001128
00100004000000000000000006060000000000031410005000000000000660
00100004000000000000000006070000000000082650005000000000001736
00100004000000000000000006080000000000033060005000000000000694
00100004000000000000000006090000000000099170005000000000002083
00100004000000000000000006100000000000047930005000000000001007
00100004000000000000000006110000000000219010005000000000004599
00600004000000000000000002000000000000024790005000000000000521
00100004000000000000000006120000000000037190005000000000000781
00800004000000000000000000030000000000496690005000000000010431
00600004000000000000000002010000000000496690005000000000010431
00100004000000000000000006130000000000231500005000000000004862
00100004000000000000000006140000000000044640005000000000000937
00600004000000000000000002020000000000163640005000000000003436
00100004000000000000000006150000000007421500005000000000155852
00300004000000000000000000030000000007421500005000000000155852
00100004000000000000000006160000000000082640005000000000001735
00100004000000000000000006170000000000123970005000000000002603
00600004000000000000000002030000000000115700005000000000002430
00100004000000000000000006180000000000077000005000000000001617
00600004000000000000000002040000000000040500005000000000000850
00100004000000000000000006190000000000135550005000000000002847
00100004000000000000000006200000000000305780005000000000006421
00100004000000000000000006210000000000112400005000000000002359
00100004000000000000000006220000000000082650005000000000001736
00100004000000000000000006230000000000353000005000000000007413
00600004000000000000000002050000000000352070005000000000007393
00100004000000000000000006240000000000157020005000000000003297
00100004000000000000000006250000000000090910005000000000001909
00600004000000000000000002060000000000104960005000000000002204
00100004000000000000000006260000000000165290005000000000003471
00100004000000000000000006270000000000070250005000000000001475
00100004000000000000000006280000000000033060005000000000000694
00100004000000000000000006290000000000090090005000000000001892
00100004000000000000000006300000000000051240005000000000001076
00600004000000000000000002070000000000082640005000000000001736
00100004000000000000000006310000000000041320005000000000000868
00100004000000000000000006320000000000087600005000000000001840
00100004000000000000000006330000000000087600005000000000001840
00100004000000000000000006340000000000071060005000000000001492
00100004000000000000000006350000000000161160005000000000003384
00100004000000000000000006360000000000066120005000000000001389
00100004000000000000000006370000000000263000005000000000005523
00100004000000000000000006380000000000158680005000000000003332
00100004000000000000000006390000000000024790005000000000000520
00100004000000000000000006400000000000117350005000000000002465
00100004000000000000000006410000000000115700005000000000002430
00100004000000000000000006420000000000661160005000000000013884
00100004000000000000000006430000000000033060005000000000000694
00100004000000000000000006440000000000066120005000000000001389
00100004000000000000000006450000000000044630005000000000000937
00100004000000000000000006460000000000428100005000000000008990
00100004000000000000000006470000000000210750005000000000004426
00100004000000000000000006480000000000053720005000000000001128
00100004000000000000000006490000000000018600005000000000000391
00100004000000000000000006500000000000330580005000000000006942
00100004000000000000000006510000000000219010005000000000004599
00600004000000000000000002080000000000247940005000000000005206
00100004000000000000000006520000000000102490005000000000002152
00100004000000000000000006530000000000004130005000000000000087
00600004000000000000000002090000000000058510005000000000001229
00600004000000000000000002100000000000056200005000000000001180
00300004000000000000000000040000000000661160005000000000013884
00600004000000000000000002110000000000082640005000000000001736
00100004000000000000000006540000000000066100005000000000001388
00100004000000000000000006550000000000072720005000000000001527
00100004000000000000000006560000000000043800005000000000000920
00600004000000000000000002120000000000123970005000000000002603
00100004000000000000000006570000000000115700005000000000002430
00100004000000000000000006580000000000045460005000000000000955
00100004000000000000000006590000000000071910005000000000001511
00100004000000000000000006600000000000041320005000000000000868
00600004000000000000000002130000000000044630005000000000000937
00100004000000000000000006610000000000099170005000000000002083
00100004000000000000000006620000000000272720005000000000005727
00100004000000000000000006630000000000033060005000000000000694
00100004000000000000000006640000000000132230005000000000002777
00100004000000000000000006650000000000264460005000000000005553
00100004000000000000000006660000000000082650005000000000001736
00100004000000000000000006670000000000095040005000000000001996
00100004000000000000000006680000000000247930005000000000005207
00600004000000000000000002140000000000033060005000000000000694
00100004000000000000000006690000000000198360005000000000004166
00100004000000000000000006700000000000083180005000000000001746
00100004000000000000000006710000000000345460005000000000007255
00100004000000000000000006720000000000049590005000000000001041
00100004000000000000000006730000000000469420005000000000009858
00100004000000000000000006740000000000114060005000000000002395
00100004000000000000000006750000000000183480005000000000003854
00100004000000000000000006760000000037190080005000000000780992
00100004000000000000000006770000000000070250005000000000001475
00300004000000000000000000050000000000469420005000000000009858
00100004000000000000000006780000000000095030005000000000001996
00300004000000000000000000060000000000033060005000000000000694
00100005000000000000000000070000000005938000005000000000124698
00100005000000000000000000080000000002644630005000000000055537
00100005000000000000000000090000000007421500005000000000155852
00300005000000000000000000010000000007421500005000000000155852
00100005000000000000000000100000000007421500005000000000155852
00600001000000000000000012000000000000071900005000000000001510
00600001000000000000000012010000000002729750005000000000057325
00600001000000000000000012020000000003045540005000000000063956
00600001000000000000000012030000000004132230005000000000086777
00600001000000000000000012040000000003495450005000000000073405
00600001000000000000000012050000000002828100005000000000059390
00600001000000000000000012060000000003514050005000000000073795
00600001000000000000000012070000000000978510005000000000020549
00600001000000000000000012080000000002414960005000000000050714
00600001000000000000000012090000000003702810005000000000077759
00600001000000000000000012100000000003087600005000000000064840
00600001000000000000000012110000000002466130005000000000051789
00600001000000000000000012120000000003085120005000000000064788
00600001000000000000000012130000000004448760005000000000093424
00600001000000000000000012140000000001574390005000000000033062
00600001000000000000000012150000000003157870005000000000066315
00600001000000000000000012160000000002033060005000000000042694
00600001000000000000000012170000000002777690005000000000058331
00600001000000000000000012180000000002293390005000000000048161
00600001000000000000000012190000000002681820005000000000056318
00600001000000000000000012200000000003208270005000000000067374
00600001000000000000000012210000000000213220005000000000004478
00600001000000000000000012220000000001957210005000000000041101
00600001000000000000000012230000000002812400005000000000059060
00600001000000000000000012240000000001087600005000000000022840
00600001000000000000000012250000000002863640005000000000060136
00600001000000000000000012260000000001622310005000000000034069
00600001000000000000000012270000000002684300005000000000056370
00600001000000000000000012280000000001261160005000000000026484
00600001000000000000000012290000000002380170005000000000049984
00600001000000000000000012300000000001827270005000000000038373
