001000010000000000002016050180000000000335371860090000000000383000005000000000008043
001000360000000000000001474680000000000305640667840000000006218390005000000000130586
001000060000000000000004740280000000000307074949440000000001558550005000000000032729
001000240000000000000000148080000000000306813051290000000000799060005000000000016780
001000030000000000000002818480000000000336800218190000000001363470005000000000028633
001000030000000000000000022080000000000307105374840000000000504140005000000000010587
001000030000000000000000021280000000000307105374840000000000355380005000000000007463
001000020000000000000001120280000000000336476328290000000000853770005000000000017929
001000020000000000000001120180000000000336476328290000000000224620005000000000004717
001000010000000000000000123080000000000307149536600000000000134680005000000000002828
001000030000000000000007461780000000000307097975450000000000086800005000000000001823
001000210000000000000000075280000000000307147980370000000000303280005000000000006369
001000070000000000000003721680000000000307000520400000000000127980005000000000002688
001000720000000000000006015980000000000306961730080000000002220020005000000000046621
001000110000000000000012393880000000000307074070060000000001269850005000000000026667
001000110000000000000012393680000000000307074070060000000007904350005000000000165991
001000110000000000000012393580000000000307074070060000000007779320005000000000163366
001000110000000000111112393580000000000307074070060000000000337240004000000000003541
001000030000000000000002823780000000000336800218190000000001707430005000000000035856
001000110000000000000012393780000000000307074070060000000011649770005000000000244645
001000060000000000000004772280000000000307074949440000000001600230005000000000033605
001018810000000000000001280280000000000305903607630000000000301650005000000000006335
001000040000000000000000841480000000000305554272270000000003971300005000000000083397
001000360000000000000001460580000000000305640667840000000003288950005000000000069068
001000100000000000000001446480000000000306813303010000000000592730005000000000012447
001001110000000000000004427780000000000335027342590000000008474570005000000000177966
001001110000000000000004427880000000000335027342590000000025243470005000000000530113
001000030000000000000002830780000000000336800218190000000001850300005000000000038856
001000240000000000000000171680000000000306813051290000000002885440005000000000060594
001000160000000000000001756480000000000306813303010000000000321670005000000000006755
003000040000000000000000569980000000000306883720850000000000729200005000000000015313
003000040000000000000000442980000000000306883720850000000008993950005000000000188873
003000040000000000000000497280000000000306883720850000000003291590005000000000069123
003000040000000000000000560780000000000306883720850000000002427880005000000000050986
