001000010000000000002016070280000000000305801894110000000000021580005000000000000453
001000010000000000002016070380000000000305801894110000000000305450005000000000006414
001000010000000000000000000680000000000307152270680000000020555640005000000000431669
001000020000000000000000007880000000000307146200680000000008235000005000000000172935
001000290000000000000000785980000000000305001301280000000000620200004000000000006512
001000290000000000000000763080000000000305001301280000000000551210004000000000005788
001000290000000000000000758480000000000305001301280000000000062440004000000000000656
001000290000000000000000757080000000000305001301280000000000049420004000000000000519
001000290000000000000000748980000000000305001301280000000000354950004000000000003727
001000290000000000000000774480000000000305001301280000000000319840004000000000003358
001000030000000000000000252380000000000307151930820000000000330580005000000000006942
001000030000000000000000252680000000000307151930820000000000330580005000000000006942
001010220000000000000514528680000000000305736520840000000000381610005000000000008014
001010220000000000000527427280000000000305736520840000000000381610005000000000008014
001000040000000000000000007380000000000202470603170000000001400000005000000000029400
001008980000000000000130642980000000000306632884970000000000076230005000000000001601
001008980000000000111130642980000000000306632884970000000001073720006000000000028990
001000010000000000000474313080000000000305000100840000000001694290005000000000035580
001000070000000000000000009280000000000307143384510000000005651150005000000000118674
001000630000000000000000651880000000000306496953650000000002715400005000000000057023
001000040000000000000000114780000000000202558969980000000000871070005000000000018292
001000040000000000000000104880000000000202558969980000000000169400005000000000003557
001000010000000000000000156880000000000272689728410000000003570250005000000000074975
001000080000000000000000000980000000000201370146540000000000743800005000000000015620
001058580000000000000000448480000000000307087729640000000000315230005000000000006620
001058580000000000111111448480000000000307087729640000000000273390004000000000002871
001031580000000000000000390680000000000307087729640000000001807810005000000000037964
001031580000000001111111390680000000000307087729640000000000017830004000000000000187
001031570000000000000000395380000000000307087729640000000001385430005000000000029094
001031570000000000111111395380000000000307087729640000000000052510004000000000000551
001070870000000000000000103480000000000307087729640000000001250470005000000000026260
001070870000000000111111103480000000000307087729640000000000028300004000000000000297
001031580000000000000000388780000000000307087729640000000001327660005000000000027881
001018970000000000000001592680000000000305903607630000000000565290005000000000011871
001000060000000000000007367180000000000307103884110000000000306350005000000000006433
001000060000000000000007687280000000000307103884110000000000746060005000000000015667
001000060000000000000007531580000000000307103884110000000000429300005000000000009015
001000020000000000000011116880000000000307103884110000000000367970005000000000007727
001000060000000000000007491380000000000307103884110000000000306640005000000000006439
001000060000000000000007447680000000000307103884110000000000306350005000000000006433
001000020000000000000000157680000000000201128301390000000001386780005000000000029122
001000090000000000000003374280000000000202073368750000000001301640005000000000027335
001000160000000000000000128480000000000307077461880000000000505440005000000000010614
001000210000000000000002655080000000000336112266890000000000306350005000000000006433
001000330000000000000000118080000000000305577174000000000000389970005000000000008189
001000070000000000000003329180000000000306812337480000000000397850005000000000008355
001000070000000000000003329080000000000306812337480000000000516530005000000000010847
001000060000000000000000578780000000000336812653390000000001231400005000000000025860
001000060000000000000000574480000000000336812653390000000000247930005000000000005207
001000020000000000000001343680000000000271735511990000000001033100005000000000021695
001000060000000000000000000980000000000271830774360000000000666940005000000000014006
001000120000000000000000937680000000000307085302940000000000316280005000000000006642
001000070000000000000000227180000000000307101078540000000000569410005000000000011958
001000030000000000000007623680000000000307097975450000000000221720004000000000002328
