001000470000000000000000069080000000000307072119420000000879819000004000000009238100
001000030000000000000000010780000000000307118236180000000009835200005000000000206539
001010270000000000000000561780000000000305011992530000000166906970005000000003505046
003010250000000000000005381680000000000305011992530000000167714590005000000003522006
002010250000000000000007627680000000000305011992530000000237609650005000000004989803
002010250000000000000007627780000000000305011992530000000164748450005000000003459718
001010270000000000000000625480000000000305011992530000000119589430005000000002511378
003010250000000000000005667580000000000305011992530000000120168090005000000002523530
001010270000000000000000637680000000000305011992530000000118039810005000000002478836
003010250000000000000005718680000000000305011992530000000117441560005000000002466273
003010250000000000000005718780000000000305011992530000000001169400005000000000024558
001010270000000000000000648180000000000305011992530000000157765510005000000003313076
003010250000000000000005771180000000000305011992530000000158528880005000000003329106
002000110000000000000000413580000000000306392012320000000000041000005000000000000861
001000050000000000000000305480000000000305863213890000000055554800005000000001166651
001000060000000000000001373980000000000335218175990000000001182970005000000000024842
001000060000000000000001389980000000000335218175990000000001876140005000000000039399
001000060000000000000001377180000000000335218175990000000001028200005000000000021592
001000060000000000000001439480000000000335218175990000000000439070005000000000009221
001000030000000000000000125380000000000307099622950000000001029590005000000000021621
001000020000000000000000029180000000000201105248630000000005707470005000000000119857
001000210000000000000011435780000000000305528161680000000071928980005000000001510509
001000210000000000000011435880000000000305528161680000000033596750005000000000705532
001000210000000000000011435980000000000305528161680000000059072200005000000001240516
001000210000000000000011436080000000000305528161680000000003050070005000000000064051
001000210000000000000011459180000000000305528161680000000051633450005000000001084302
001000210000000000000011491080000000000305528161680000000121563880005000000002552842
001000210000000000000011491180000000000305528161680000000029185810005000000000612902
001000210000000000000011464780000000000305528161680000000127345270005000000002674251
001000210000000000000011464880000000000305528161680000000013322760005000000000279778
003000210000000000000003654580000000000305528161680000000000306600005000000000006439
001000210000000000000011590780000000000305528161680000000080511100005000000001690733
001000210000000000000011590880000000000305528161680000000002707370005000000000056855
003000210000000000000003707280000000000305528161680000000006119690005000000000128513
001000720000000000000001689480000000000306027640320000000000901360004000000000009464
003000040000000000000001266480000000000306883720850000000004952170005000000000103996
001000040000000000000004289780000000000306883720850000000001426400004000000000014977
001000040000000000111114289780000000000306883720850000000004487140005000000000094230
001000040000000000000004289880000000000306883720850000000002247450005000000000047196
001000040000000000000004088080000000000306883720850000000007268060005000000000152629
001000040000000000000004088280000000000306883720850000000000128250004000000000001347
001000040000000000111114088280000000000306883720850000000001071050005000000000022492
001000040000000000000004088380000000000306883720850000000005717600005000000000120070
001000040000000000000001056580000000000306754074160000000041280080005000000000866882
001000040000000000000001106780000000000306754074160000000043830740005000000000920445
001000090000000000000036516380000000000307072971540000000028178580005000000000591750
002000090000000000000000727880000000000307072971540000000000150000005000000000003150
003000090000000000000013530980000000000307072971540000000000098790005000000000002075
003000090000000000000013552080000000000307072971540000000005025930005000000000105545
001000100000000000000004192180000000000305687319360000000066649170005000000001399633
001000100000000000000004247080000000000305687319360000000005970100005000000000125372
001000070000000000000000595580000000000305265145440000000258096120005000000005420018
003000070000000000000000060480000000000305265145440000000012904810005000000000271001
001000130000000000000016254580000000000305235896390000000003760480005000000000078970
001000230000000000000002578780000000000305235896390000000006491800005000000000136328
001000060000000000000005231580000000000305895659120000000010876880005000000000228414
001000060000000000000005263380000000000305895659120000000000906620005000000000019039
001000230000000000000003039380000000000305560955970000000083693960005000000001757573
001000230000000000000002984780000000000305560955970000000072028510005000000001512599
001000710000000000000001572480000000000306446859060000000000178540005000000000003749
001000060000000000000002069280000000000305060613570000000025234800004000000000264965
001000020000000000000000033780000000000307140844250000000008995910005000000000188914
001000070000000000000003659580000000000307000670210000000003326020005000000000069846
001000070000000000000003659680000000000307000670210000000005718000005000000000120078
001000020000000000000000010180000000000203236589870000000003719010005000000000078099
001000020000000000000000010480000000000203236589870000000003719010005000000000078099
001000020000000000000000010580000000000203236589870000000003719010005000000000078099
001000020000000000000000011080000000000203236589870000000003719010005000000000078099
001055120000000000000288012080000000000306781864450000000001144520006000000000030902
001055120000000000000287781080000000000306781864450000000002008090006000000000054218
001055120000000001111287781080000000000306781864450000000000095800005000000000002012
001020930000000000000733322380000000000306788143570000000000000550006000000000000015
001010220000000000000663196080000000000305736520840000000000694630005000000000014587
001010220000000000000663185180000000000305736520840000000000694630005000000000014587
001010220000000000000663267680000000000305736520840000000000890070005000000000018692
001001010000000000000040963380000000000306906336350000000000912660006000000000024642
001001010000000000000041903580000000000306906336350000000000371600006000000000010033
001001010000000001111141903580000000000306906336350000000000000050005000000000000001
001001010000000000000041628380000000000306906336350000000000173410006000000000004682
001001010000000000000041627480000000000306906336350000000001293430006000000000034923
001001010000000000000041628680000000000306906336350000000000431690006000000000011656
001001010000000000000041625880000000000306906336350000000003873400006000000000104582
001081050000000000001582821380000000000306394537380000000000443480006000000000011974
001081050000000000001672808180000000000306394537380000000000183720006000000000004960
001002640000000000000011914980000000000305011111270000000437431830005000000009186069
001002640000000000000011915080000000000305011111270000000057965100005000000001217267
003002640000000000000000097180000000000305011111270000000008319010005000000000174699
001002640000000000000011951480000000000305011111270000000173895300005000000003651801
001002640000000000000011951580000000000305011111270000000639816940005000000013436156
003002640000000000000000099680000000000305011111270000000004159500005000000000087350
001002640000000000000011982880000000000305011111270000000190087800005000000003991844
001002640000000000000011982980000000000305011111270000000173895300005000000003651801
003002640000000000000000101880000000000305011111270000000008319010005000000000174699
001005010000000000000014973280000000000305005308510000000397634040005000000008350315
001005010000000000000015016080000000000305005308510000000331361700005000000006958596
003005010000000000000006428380000000000305005308510000000009542400005000000000200390
001000110000000000000001220380000000000305635165730000000000778510005000000000016349
001000110000000000000001227380000000000305635165730000000000778510005000000000016349
001000110000000000000001216680000000000305635165730000000000742980005000000000015602
001010270000000000000000655780000000000305011992530000000200241610005000000004205074
