00600010000000000000000001510000000006446280005000000000135372
00600010000000000000000001520000000000000000003000000000000000
00600010000000000000000001530000000005206610005000000000109339
00600010000000000000000001540000000004710740005000000000098926
00600010000000000000000001550000000007239670005000000000152033
00600010000000000000000001560000000003371900005000000000070810
00600010000000000000000001570000000043396690005000000000911331
00600010000000000000000001580000000003842980005000000000080702
00600010000000000000000001590000000008181820005000000000171818
00600010000000000000000001600000000003966940005000000000083306
00100010000000000000000000180000000001000000005000000000021000
00600010000000000000000001610000000006423970005000000000134903
00600010000000000000000001620000000003446280005000000000072372
00600010000000000000000001630000000003595040005000000000075496
00600010000000000000000001640000000006198350005000000000130165
00600010000000000000000001650000000005454550005000000000114545
00800010000000000000000000050000000006198350005000000000130165
00100010000000000000000000190000000016352890005000000000343411
00600010000000000000000001660000000003322310005000000000069769
00600010000000000000000001670000000004090910005000000000085909
00100010000000000000000000200000000009913000005000000000208173
