00600002000000000000000070320000000000495870005000000000010413
00600002000000000000000070330000000000330580005000000000006942
00600002000000000000000070340000000000661160005000000000013884
00600002000000000000000070350000000001115700005000000000023430
00600002000000000000000070360000000000330580005000000000006942
00600002000000000000000070370000000000363640005000000000007636
00600002000000000000000070380000000000371900005000000000007810
00600002000000000000000070390000000000487600005000000000010240
00600002000000000000000070400000000000859500005000000000018050
00600002000000000000000070410000000000041320005000000000000868
00600002000000000000000070420000000000975210005000000000020479
00600002000000000000000070430000000000500000005000000000010500
00600002000000000000000070440000000000942150005000000000019785
00600002000000000000000070450000000000268600005000000000005640
00600002000000000000000070460000000003710740005000000000077926
00600002000000000000000070470000000000479340005000000000010066
00600002000000000000000070480000000000487600005000000000010240
00600002000000000000000070490000000000421490005000000000008851
00600002000000000000000070500000000000396690005000000000008331
00600002000000000000000070510000000000537190005000000000011281
00600002000000000000000070520000000000268600005000000000005640
00600002000000000000000070530000000000413220005000000000008678
00600002000000000000000070540000000000371900005000000000007810
00600002000000000000000070550000000000272730005000000000005727
00600002000000000000000070560000000000371900005000000000007810
00600002000000000000000070570000000001603310005000000000033669
00600002000000000000000070580000000000909090005000000000019091
00600002000000000000000070590000000000479340005000000000010066
00600002000000000000000070600000000000826450005000000000017355
00600002000000000000000070610000000000206610005000000000004339
00600002000000000000000070620000000000206610005000000000004339
00600002000000000000000070630000000001033060005000000000021694
00600002000000000000000070640000000000528930005000000000011107
00600002000000000000000070650000000000702480005000000000014752
00600002000000000000000070660000000000537190005000000000011281
00100002000000000000000000570000000000867770005000000000018223
00600002000000000000000070670000000000396690005000000000008331
00600002000000000000000070680000000000632230005000000000013277
00600002000000000000000070690000000001095040005000000000022996
00600002000000000000000070700000000000396690005000000000008331
00600002000000000000000070710000000000735540005000000000015446
00600002000000000000000070720000000000785120005000000000016488
00600002000000000000000070730000000000495870005000000000010413
00600002000000000000000070740000000000661160005000000000013884
00600002000000000000000070750000000000413220005000000000008678
00600002000000000000000070760000000000396690005000000000008331
00600002000000000000000070770000000000433880005000000000009112
00600002000000000000000070780000000000421490005000000000008851
00600002000000000000000070790000000000165290005000000000003471
00600002000000000000000070800000000000413220005000000000008678
00600002000000000000000070810000000000495870005000000000010413
00600002000000000000000070820000000001309920005000000000027508
00600002000000000000000070830000000002107440005000000000044256
00600002000000000000000070840000000000652890005000000000013711
00600002000000000000000070850000000000516530005000000000010847
00600002000000000000000070860000000000396690005000000000008331
00600002000000000000000070870000000000768600005000000000016140
00600002000000000000000070880000000001033060005000000000021694
00600002000000000000000070890000000000702480005000000000014752
00600002000000000000000070900000000000776860005000000000016314
00600002000000000000000070910000000000330580005000000000006942
00600002000000000000000070920000000000578510005000000000012149
00600002000000000000000070930000000000818180005000000000017182
00600002000000000000000070940000000000165290005000000000003471
00600002000000000000000070950000000001314050005000000000027595
00600002000000000000000070960000000000421490005000000000008851
00600002000000000000000070970000000000516530005000000000010847
00600002000000000000000070980000000000330580005000000000006942
00600002000000000000000070990000000000144630005000000000003037
00600002000000000000000071000000000000413220005000000000008678
00600002000000000000000071010000000000884300005000000000018570
00600002000000000000000071020000000000330580005000000000006942
00600002000000000000000071030000000000570250005000000000011975
00600002000000000000000071040000000002479340005000000000052066
00600002000000000000000071050000000000677690005000000000014231
00600002000000000000000071060000000000504130005000000000010587
00600002000000000000000071070000000000578510005000000000012149
00600002000000000000000071080000000000909090005000000000019091
00600002000000000000000071090000000000504130005000000000010587
00600002000000000000000071100000000000123970005000000000002603
00600002000000000000000071110000000000785120005000000000016488
00600002000000000000000071120000000002665290005000000000055971
00600002000000000000000071130000000003966940005000000000083306
00600002000000000000000071140000000000818180005000000000017182
00600002000000000000000071150000000000611570005000000000012843
00600002000000000000000071160000000000421490005000000000008851
00600002000000000000000071170000000001115700005000000000023430
00600002000000000000000071180000000000206610005000000000004339
00600002000000000000000071190000000001280990005000000000026901
00600002000000000000000071200000000000421490005000000000008851
00600002000000000000000071210000000001115700005000000000023430
00600002000000000000000071220000000000247930005000000000005207
00600002000000000000000071230000000000305790005000000000006421
00600002000000000000000071240000000000206610005000000000004339
00600002000000000000000071250000000000396690005000000000008331
00600002000000000000000071260000000000396690005000000000008331
00600002000000000000000071270000000000475210005000000000009979
00600002000000000000000071280000000000661160005000000000013884
00600002000000000000000071290000000000396690005000000000008331
00600002000000000000000071300000000002037190005000000000042781
00600002000000000000000071310000000000330580005000000000006942
00600002000000000000000071320000000000297520005000000000006248
00600002000000000000000071330000000000909090005000000000019091
00600002000000000000000071340000000000421490005000000000008851
00600002000000000000000071350000000000661160005000000000013884
00600002000000000000000071360000000000950410005000000000019959
00600002000000000000000071370000000000231400005000000000004860
00600002000000000000000071380000000001611570005000000000033843
00600002000000000000000071390000000000206610005000000000004339
00600002000000000000000071400000000001487600005000000000031240
00600002000000000000000071410000000000421490005000000000008851
00600002000000000000000071420000000000628100005000000000013190
00600002000000000000000071430000000000516530005000000000010847
00600002000000000000000071450000000002561980005000000000053802
00600002000000000000000071460000000000950410005000000000019959
00600002000000000000000071470000000000867770005000000000018223
00600002000000000000000071480000000002603310005000000000054669
00600002000000000000000071490000000000578510005000000000012149
00600002000000000000000071500000000000702480005000000000014752
00600002000000000000000071510000000000322310005000000000006769
00600002000000000000000071520000000001198350005000000000025165
00600002000000000000000071530000000000198350005000000000004165
00600002000000000000000071540000000000314050005000000000006595
00600002000000000000000071550000000000421490005000000000008851
00600002000000000000000071560000000000330580005000000000006942
00600002000000000000000071570000000001446280005000000000030372
00600002000000000000000071580000000001322310005000000000027769
00600002000000000000000071590000000000880170005000000000018483
00600002000000000000000071600000000000611570005000000000012843
00600002000000000000000071610000000001280990005000000000026901
00600002000000000000000071620000000001388430005000000000029157
00600002000000000000000071630000000000413220005000000000008678
00600002000000000000000071640000000000322310005000000000006769
00600002000000000000000071650000000000206610005000000000004339
00600002000000000000000071660000000000123970005000000000002603
00600002000000000000000071670000000000421490005000000000008851
00600002000000000000000071680000000000776860005000000000016314
00600002000000000000000071690000000000983470005000000000020653
00600002000000000000000071700000000000537190005000000000011281
00600002000000000000000071710000000000611570005000000000012843
00600002000000000000000071720000000000450410005000000000009459
00600002000000000000000071730000000001483470005000000000031153
00600002000000000000000071740000000001090910005000000000022909
00600002000000000000000071750000000000950410005000000000019959
00600002000000000000000071760000000000433880005000000000009112
00600002000000000000000071770000000000867770005000000000018223
00600002000000000000000071780000000000371900005000000000007810
00600002000000000000000071790000000000991740005000000000020826
00600002000000000000000071800000000000247930005000000000005207
00600002000000000000000071810000000000322310005000000000006769
00600002000000000000000071820000000000570250005000000000011975
00600002000000000000000071830000000001487600005000000000031240
00600002000000000000000071840000000002355370005000000000049463
00600002000000000000000071850000000001462810005000000000030719
00600002000000000000000071860000000000396690005000000000008331
00600002000000000000000071870000000002272730005000000000047727
00600002000000000000000071880000000002086780005000000000043822
00600002000000000000000071890000000000495870005000000000010413
00600002000000000000000071900000000001280990005000000000026901
00600002000000000000000071910000000000322310005000000000006769
00600002000000000000000071920000000000578510005000000000012149
00600002000000000000000071930000000004132230005000000000086777
00600002000000000000000071940000000001363640005000000000028636
00600002000000000000000071950000000000566120005000000000011888
00600002000000000000000071960000000000743800005000000000015620
00600002000000000000000071970000000002004130005000000000042087
00600002000000000000000071980000000000950410005000000000019959
00600002000000000000000071990000000000198350005000000000004165
00600002000000000000000072000000000000578510005000000000012149
00600002000000000000000072010000000000289260005000000000006074
00600002000000000000000072020000000000330580005000000000006942
00600002000000000000000072030000000000570250005000000000011975
00600002000000000000000072040000000001049590005000000000022041
00600002000000000000000072050000000000921490005000000000019351
00600002000000000000000072060000000000371900005000000000007810
00600002000000000000000072070000000000330580005000000000006942
00600002000000000000000072080000000000884300005000000000018570
00600002000000000000000072090000000000909090005000000000019091
00600002000000000000000072100000000000247930005000000000005207
00600002000000000000000072110000000003801650005000000000079835
00600002000000000000000072120000000000867770005000000000018223
00600002000000000000000072130000000000743800005000000000015620
00600002000000000000000072140000000000714880005000000000015012
00600002000000000000000072150000000000413220005000000000008678
00600002000000000000000072160000000000330580005000000000006942
00600002000000000000000072170000000002801650005000000000058835
00600002000000000000000072180000000002500000005000000000052500
00600002000000000000000072190000000000123970005000000000002603
00600002000000000000000072200000000000107440005000000000002256
00600002000000000000000072210000000001280990005000000000026901
00600002000000000000000072220000000001115700005000000000023430
00600002000000000000000072230000000001115700005000000000023430
00600002000000000000000072240000000000888430005000000000018657
00600002000000000000000072250000000000421490005000000000008851
00600002000000000000000072260000000000809920005000000000017008
00600002000000000000000072270000000000396690005000000000008331
00600002000000000000000072280000000000570250005000000000011975
00600002000000000000000072290000000000537190005000000000011281
00600002000000000000000072300000000000537190005000000000011281
00600002000000000000000072310000000000570250005000000000011975
00100002000000000000000000580000000001731400005000000000036360
00600002000000000000000072320000000000764460005000000000016054
00600002000000000000000072330000000000272730005000000000005727
00600002000000000000000072340000000000818180005000000000017182
00600002000000000000000072350000000000900830005000000000018917
00600002000000000000000072360000000000371900005000000000007810
00600002000000000000000072370000000000392560005000000000008244
00600002000000000000000072380000000001520660005000000000031934
00600002000000000000000072390000000000545450005000000000011455
00600002000000000000000072400000000000595040005000000000012496
00600002000000000000000072410000000000396690005000000000008331
00600002000000000000000072420000000000677690005000000000014231
00600002000000000000000072430000000000652890005000000000013711
00600002000000000000000072440000000000661160005000000000013884
00600002000000000000000072450000000000516530005000000000010847
00600002000000000000000072460000000000661160005000000000013884
00600002000000000000000072470000000001363640005000000000028636
00600002000000000000000072490000000001644630005000000000034537
00600002000000000000000072500000000000206610005000000000004339
00600002000000000000000072510000000000392560005000000000008244
00600002000000000000000072520000000001404960005000000000029504
00600002000000000000000072530000000000950410005000000000019959
00600002000000000000000072540000000001132230005000000000023777
00600002000000000000000072550000000000504130005000000000010587
00600002000000000000000072560000000000479340005000000000010066
00600002000000000000000072570000000000702480005000000000014752
00600002000000000000000072580000000000479340005000000000010066
00600002000000000000000072590000000000495870005000000000010413
00600002000000000000000072600000000000396690005000000000008331
00600002000000000000000072610000000000144630005000000000003037
00600002000000000000000072620000000000371900005000000000007810
00600002000000000000000072630000000000909090005000000000019091
00600002000000000000000072640000000001603310005000000000033669
00600002000000000000000072650000000001694210005000000000035579
00600002000000000000000072660000000000289260005000000000006074
00600002000000000000000072670000000000268600005000000000005640
00600002000000000000000072680000000000570250005000000000011975
00600002000000000000000072690000000001115700005000000000023430
00600002000000000000000072700000000000677690005000000000014231
00600002000000000000000072710000000000330580005000000000006942
00600002000000000000000072720000000002264460005000000000047554
00600002000000000000000072730000000000433880005000000000009112
00600002000000000000000072740000000000206610005000000000004339
00600002000000000000000072750000000000818180005000000000017182
00600002000000000000000072760000000001942150005000000000040785
00600002000000000000000072770000000000537190005000000000011281
00600002000000000000000072780000000001570250005000000000032975
00600002000000000000000072790000000000661160005000000000013884
00600002000000000000000072800000000000557850005000000000011715
00600002000000000000000072810000000001359500005000000000028550
00600002000000000000000072820000000000888430005000000000018657
00600002000000000000000072830000000000322310005000000000006769
00600002000000000000000072840000000000504130005000000000010587
00600002000000000000000072850000000000330580005000000000006942
00600002000000000000000072860000000000421500005000000000008851
00600002000000000000000072870000000001115700005000000000023430
00600002000000000000000072880000000000553720005000000000011628
00600002000000000000000072890000000000330580005000000000006942
00600002000000000000000072900000000000351240005000000000007376
00600002000000000000000072910000000001033060005000000000021694
00600002000000000000000072920000000000652890005000000000013711
00600002000000000000000072930000000000495870005000000000010413
00600002000000000000000072940000000000495870005000000000010413
00600002000000000000000072950000000001818180005000000000038182
00600002000000000000000072960000000000371900005000000000007810
00600002000000000000000072970000000002479340005000000000052066
00600002000000000000000072980000000000735540005000000000015446
00600002000000000000000072990000000000392560005000000000008244
00600002000000000000000073000000000000785120005000000000016488
00600002000000000000000073010000000000495870005000000000010413
00600002000000000000000073020000000001280990005000000000026901
00600002000000000000000073030000000001157020005000000000024298
00600002000000000000000073040000000001438020005000000000030198
00600002000000000000000073050000000000801650005000000000016835
00600002000000000000000073060000000000206610005000000000004339
00600002000000000000000073070000000000570250005000000000011975
00600002000000000000000073080000000000413220005000000000008678
00600002000000000000000073110000000000049590005000000000001041
00600002000000000000000073120000000000454550005000000000009545
00600002000000000000000073130000000003099170005000000000065083
00600002000000000000000073140000000001115700005000000000023430
00600002000000000000000073150000000000198350005000000000004165
00600002000000000000000073160000000000330580005000000000006942
00600002000000000000000073170000000000413220005000000000008678
00600002000000000000000073180000000000247930005000000000005207
00600002000000000000000073190000000000247930005000000000005207
00600002000000000000000073200000000000735540005000000000015446
00600002000000000000000073210000000000652890005000000000013711
00600002000000000000000073220000000001818180005000000000038182
00600002000000000000000073230000000000392560005000000000008244
00600002000000000000000073240000000000991740005000000000020826
00600002000000000000000073250000000000314050005000000000006595
00600002000000000000000073260000000000289260005000000000006074
00600002000000000000000073270000000000661160005000000000013884
00600002000000000000000073280000000000413220005000000000008678
00600002000000000000000073290000000000652890005000000000013711
00600002000000000000000073300000000002396690005000000000050331
00600002000000000000000073310000000001322310005000000000027769
00600002000000000000000073320000000000652890005000000000013711
00600002000000000000000073330000000000247930005000000000005207
00600002000000000000000073340000000000396690005000000000008331
00600002000000000000000073350000000000396690005000000000008331
00600002000000000000000073360000000000677690005000000000014231
00600002000000000000000073370000000000702480005000000000014752
00600002000000000000000073380000000000371900005000000000007810
00600002000000000000000073390000000000330580005000000000006942
00600002000000000000000073400000000000743800005000000000015620
00600002000000000000000073410000000000971070005000000000020393
00600002000000000000000073420000000001900830005000000000039917
00600002000000000000000073430000000000421490005000000000008851
00600002000000000000000073440000000000165290005000000000003471
00600002000000000000000073450000000000504130005000000000010587
00600002000000000000000073460000000001132230005000000000023777
00600002000000000000000073470000000001727270005000000000036273
00600002000000000000000073480000000001033060005000000000021694
00600002000000000000000073490000000000371900005000000000007810
00600002000000000000000073500000000000677690005000000000014231
00600002000000000000000073510000000000330580005000000000006942
00600002000000000000000073520000000001024790005000000000021521
00600002000000000000000073530000000000404960005000000000008504
00600002000000000000000073540000000000867770005000000000018223
00600002000000000000000073550000000000702480005000000000014752
00600002000000000000000073560000000001314050005000000000027595
00600002000000000000000073570000000000404960005000000000008504
00600002000000000000000073580000000000785120005000000000016488
00600002000000000000000073590000000000570250005000000000011975
00600002000000000000000073600000000000487600005000000000010240
00600002000000000000000073610000000001157020005000000000024298
00600002000000000000000073620000000000413220005000000000008678
00600002000000000000000073630000000001033060005000000000021694
00600002000000000000000073640000000000206610005000000000004339
00600002000000000000000073650000000000206610005000000000004339
00600002000000000000000073660000000003595040005000000000075496
00600002000000000000000073670000000000892560005000000000018744
00600002000000000000000073690000000001504130005000000000031587
00600002000000000000000073700000000000330580005000000000006942
00600002000000000000000073710000000000165290005000000000003471
00600002000000000000000073720000000000991740005000000000020826
00600002000000000000000073730000000000247930005000000000005207
00600002000000000000000073740000000000859500005000000000018050
00600002000000000000000073750000000001115700005000000000023430
00600002000000000000000073760000000000909090005000000000019091
00600002000000000000000073770000000000421490005000000000008851
00600002000000000000000073780000000001000000005000000000021000
00600002000000000000000073790000000000371900005000000000007810
00600002000000000000000073810000000001611570005000000000033843
00600002000000000000000073820000000000322310005000000000006769
00600002000000000000000073830000000001735540005000000000036446
00600002000000000000000073840000000000743800005000000000015620
00600002000000000000000073850000000000842980005000000000017702
00600002000000000000000073860000000000371900005000000000007810
00600002000000000000000073870000000000318180005000000000006682
00600002000000000000000073880000000000421490005000000000008851
00600002000000000000000073890000000000991740005000000000020826
00600002000000000000000073900000000001157020005000000000024298
00600002000000000000000073910000000000652890005000000000013711
00600002000000000000000073920000000000520660005000000000010934
00600002000000000000000073930000000001115700005000000000023430
00600002000000000000000073940000000000371900005000000000007810
00600002000000000000000073950000000000433880005000000000009112
00600002000000000000000073960000000000314050005000000000006595
00600002000000000000000073970000000000909090005000000000019091
00600002000000000000000073980000000000219010005000000000004599
00600002000000000000000073990000000004132230005000000000086777
00600002000000000000000074000000000004132230005000000000086777
00600002000000000000000074010000000004132230005000000000086777
00600002000000000000000074020000000004132230005000000000086777
00600002000000000000000074030000000004132230005000000000086777
00600002000000000000000074040000000004132230005000000000086777
00600002000000000000000074050000000001487600005000000000031240
00600002000000000000000074060000000000330580005000000000006942
00600002000000000000000074070000000000661160005000000000013884
00600002000000000000000074080000000000727270005000000000015273
00600002000000000000000074090000000000396690005000000000008331
00600002000000000000000074100000000000735540005000000000015446
00600002000000000000000074110000000000586780005000000000012322
00600002000000000000000074120000000000504130005000000000010587
00600002000000000000000074130000000000991740005000000000020826
00600002000000000000000074140000000000396690005000000000008331
00600002000000000000000074150000000001404960005000000000029504
00600002000000000000000074160000000000421490005000000000008851
00600002000000000000000074170000000000652890005000000000013711
00600002000000000000000074180000000001214880005000000000025512
00600002000000000000000074190000000002268600005000000000047640
00600002000000000000000074200000000001033060005000000000021694
00600002000000000000000074220000000002793390005000000000058661
00600002000000000000000074230000000000322310005000000000006769
00600002000000000000000074240000000000330580005000000000006942
00600002000000000000000074250000000000909090005000000000019091
00600002000000000000000074260000000000214880005000000000004512
00600002000000000000000074270000000000289260005000000000006074
00600002000000000000000074280000000000347110005000000000007289
00600002000000000000000074290000000000805790005000000000016921
00600002000000000000000074300000000000570250005000000000011975
00600002000000000000000074310000000000454550005000000000009545
00600002000000000000000074320000000000413220005000000000008678
00600002000000000000000074330000000000735540005000000000015446
00600002000000000000000074340000000000206610005000000000004339
00600002000000000000000074350000000001033060005000000000021694
00600002000000000000000074360000000000950410005000000000019959
00600002000000000000000074370000000000107440005000000000002256
00600002000000000000000074380000000000727270005000000000015273
00600002000000000000000074390000000001628100005000000000034190
00600002000000000000000074400000000001157020005000000000024298
00600002000000000000000074410000000000190080005000000000003992
00600002000000000000000074420000000000330580005000000000006942
00600002000000000000000074430000000000950410005000000000019959
00600002000000000000000074440000000001636360005000000000034364
00600002000000000000000074450000000000289260005000000000006074
00600002000000000000000074460000000001446280005000000000030372
00600002000000000000000074470000000000322310005000000000006769
00600002000000000000000074480000000001404960005000000000029504
00600002000000000000000074490000000002504130005000000000052587
00600002000000000000000074500000000000049590005000000000001041
00600002000000000000000074510000000001900830005000000000039917
00600002000000000000000074520000000000735540005000000000015446
00600002000000000000000074530000000003301650005000000000069335
00600002000000000000000074540000000000322310005000000000006769
00600002000000000000000074550000000000322310005000000000006769
00600002000000000000000074560000000000347110005000000000007289
00600002000000000000000074570000000000247930005000000000005207
00600002000000000000000074580000000001033060005000000000021694
00600002000000000000000074590000000001652890005000000000034711
00600002000000000000000074600000000001045450005000000000021955
00100002000000000000000000590000000006776860005000000000142314
00600002000000000000000074610000000001074380005000000000022562
00600002000000000000000074620000000000735540005000000000015446
00600002000000000000000074630000000000570250005000000000011975
00600002000000000000000074640000000001074380005000000000022562
00600002000000000000000074650000000000371900005000000000007810
00600002000000000000000074660000000000413220005000000000008678
00600002000000000000000074670000000001239670005000000000026033
00600002000000000000000074680000000000768600005000000000016140
00600002000000000000000074690000000000198350005000000000004165
00600002000000000000000074700000000001983470005000000000041653
00600002000000000000000074710000000000413220005000000000008678
00600002000000000000000074720000000002066120005000000000043388
00600002000000000000000074730000000000206610005000000000004339
00600002000000000000000074740000000000396690005000000000008331
00600002000000000000000074750000000000867770005000000000018223
00600002000000000000000074760000000000661160005000000000013884
00600002000000000000000074770000000000909090005000000000019091
00600002000000000000000074780000000000206610005000000000004339
00600002000000000000000074790000000000826450005000000000017355
00600002000000000000000074800000000001983470005000000000041653
00600002000000000000000074810000000000404960005000000000008504
00600002000000000000000074820000000000371900005000000000007810
00600002000000000000000074830000000000371900005000000000007810
00600002000000000000000074840000000000987600005000000000020740
00600002000000000000000074850000000000330580005000000000006942
00600002000000000000000074860000000000892560005000000000018744
00600002000000000000000074870000000000371900005000000000007810
00600002000000000000000074880000000000041320005000000000000868
00600002000000000000000074890000000000710740005000000000014926
00600002000000000000000074900000000000396690005000000000008331
00600002000000000000000074910000000000743800005000000000015620
00600002000000000000000074920000000001280990005000000000026901
00600002000000000000000074930000000001280990005000000000026901
00600002000000000000000074940000000000413220005000000000008678
00600002000000000000000074950000000000289260005000000000006074
00600002000000000000000074960000000000818180005000000000017182
00600002000000000000000074970000000000371900005000000000007810
00600002000000000000000074980000000000289260005000000000006074
00600002000000000000000074990000000001198350005000000000025165
00600002000000000000000075000000000001074380005000000000022562
00600002000000000000000075010000000000590910005000000000012409
00600002000000000000000075020000000001148760005000000000024124
00600002000000000000000075030000000002314050005000000000048595
00600002000000000000000075040000000000516530005000000000010847
00600002000000000000000075050000000001115700005000000000023430
00600002000000000000000075060000000000702480005000000000014752
00600002000000000000000075070000000003719010005000000000078099
00600002000000000000000075080000000002822310005000000000059269
00600002000000000000000075090000000003929750005000000000082525
00600002000000000000000075100000000003603310005000000000075669
00600002000000000000000075110000000000413220005000000000008678
00600002000000000000000075120000000000818180005000000000017182
00600002000000000000000075130000000000371900005000000000007810
00600002000000000000000075140000000001033060005000000000021694
00600002000000000000000075150000000001652890005000000000034711
00600002000000000000000075160000000001652890005000000000034711
00600002000000000000000075170000000000371900005000000000007810
00600002000000000000000075180000000000818180005000000000017182
00600002000000000000000075190000000000838840005000000000017616
00600002000000000000000075200000000000421490005000000000008851
00600002000000000000000075210000000001074380005000000000022562
00600002000000000000000075220000000000743800005000000000015620
00600002000000000000000075230000000000144630005000000000003037
00600002000000000000000075240000000000876030005000000000018397
00600002000000000000000075250000000000363640005000000000007636
00600002000000000000000075260000000001322310005000000000027769
00600002000000000000000075270000000000330580005000000000006942
00600002000000000000000075280000000001776860005000000000037314
00600002000000000000000075290000000000433880005000000000009112
00600002000000000000000075300000000003636360005000000000076364
00600002000000000000000075310000000000239670005000000000005033
00600002000000000000000075320000000000991740005000000000020826
00600002000000000000000075330000000001636360005000000000034364
00600002000000000000000075340000000001322310005000000000027769
00600002000000000000000075350000000000239670005000000000005033
00600002000000000000000075360000000000818180005000000000017182
00600002000000000000000075370000000000396690005000000000008331
00600002000000000000000075380000000000421490005000000000008851
00600002000000000000000075400000000000396690005000000000008331
00600002000000000000000075410000000001830580005000000000038442
00600002000000000000000075420000000000371900005000000000007810
00600002000000000000000075430000000000603310005000000000012669
00600002000000000000000075440000000000421490005000000000008851
00600002000000000000000075450000000001074380005000000000022562
00600002000000000000000075460000000000396690005000000000008331
00600002000000000000000075470000000000371900005000000000007810
00600002000000000000000075480000000001305790005000000000027421
00600002000000000000000075490000000000537190005000000000011281
00600002000000000000000075500000000000123970005000000000002603
00600002000000000000000075510000000000421490005000000000008851
00600002000000000000000075520000000000322310005000000000006769
00600002000000000000000075530000000000888430005000000000018657
00600002000000000000000075540000000000297520005000000000006248
00600002000000000000000075550000000000652890005000000000013711
00600002000000000000000075560000000001123970005000000000023603
00600002000000000000000075570000000000652890005000000000013711
00600002000000000000000075580000000000851240005000000000017876
00600002000000000000000075590000000000950410005000000000019959
00600002000000000000000075600000000000433880005000000000009112
00600002000000000000000075610000000000330580005000000000006942
00600002000000000000000075620000000000330580005000000000006942
00600002000000000000000075630000000000206610005000000000004339
00600002000000000000000075640000000000363640005000000000007636
00600002000000000000000075650000000000723140005000000000015186
00600002000000000000000075660000000000909090005000000000019091
00600002000000000000000075670000000000433880005000000000009112
00600002000000000000000075680000000000826450005000000000017355
00600002000000000000000075690000000000413220005000000000008678
00600002000000000000000075700000000000475210005000000000009979
00600002000000000000000075710000000000578510005000000000012149
00600002000000000000000075720000000000619830005000000000013017
00600002000000000000000075730000000001280990005000000000026901
00600002000000000000000075740000000000347110005000000000007289
00600002000000000000000075750000000000933880005000000000019612
00600002000000000000000075760000000000743800005000000000015620
00600002000000000000000075770000000003285120005000000000068988
00600002000000000000000075780000000000351240005000000000007376
00600002000000000000000075790000000000413220005000000000008678
00600002000000000000000075800000000001446280005000000000030372
00600002000000000000000075810000000001033060005000000000021694
00600002000000000000000075820000000000433880005000000000009112
00600002000000000000000075830000000001280990005000000000026901
00600002000000000000000075840000000000239670005000000000005033
00600002000000000000000075850000000000950410005000000000019959
00600002000000000000000075860000000002479340005000000000052066
00600002000000000000000075870000000000322310005000000000006769
00600002000000000000000075880000000001066120005000000000022388
00600002000000000000000075890000000001280990005000000000026901
00600002000000000000000075900000000001826450005000000000038355
00600002000000000000000075910000000002851240005000000000059876
00600002000000000000000075920000000000776860005000000000016314
00600002000000000000000075930000000000396690005000000000008331
00600002000000000000000075940000000000173550005000000000003645
00600002000000000000000075950000000001363640005000000000028636
00600002000000000000000075960000000000433880005000000000009112
00600002000000000000000075970000000000628100005000000000013190
00600002000000000000000075980000000000570250005000000000011975
00600002000000000000000075990000000000330580005000000000006942
00600002000000000000000076000000000000268600005000000000005640
00600002000000000000000076010000000000396690005000000000008331
00600002000000000000000076020000000000330580005000000000006942
00600002000000000000000076030000000000818180005000000000017182
00600002000000000000000076040000000000619830005000000000013017
00600002000000000000000076050000000003214880005000000000067512
00600002000000000000000076060000000004132230005000000000086777
00600002000000000000000076070000000001983470005000000000041653
00600002000000000000000076080000000001066120005000000000022388
00600002000000000000000076090000000001223140005000000000025686
00600002000000000000000076100000000000247930005000000000005207
00600002000000000000000076110000000000710740005000000000014926
00600002000000000000000076120000000000289260005000000000006074
00600002000000000000000076130000000000487600005000000000010240
00600002000000000000000076140000000000971070005000000000020393
00600002000000000000000076150000000001652890005000000000034711
00600002000000000000000076160000000000123970005000000000002603
00600002000000000000000076170000000000537190005000000000011281
00600002000000000000000076180000000001033060005000000000021694
00600002000000000000000076190000000000867770005000000000018223
00600002000000000000000076200000000000652890005000000000013711
00600002000000000000000076210000000000950410005000000000019959
00600002000000000000000076220000000000433880005000000000009112
00600002000000000000000076230000000002066120005000000000043388
00600002000000000000000076240000000001074380005000000000022562
00600002000000000000000076250000000000586780005000000000012322
00600002000000000000000076260000000000322310005000000000006769
00600002000000000000000076270000000001033060005000000000021694
00600002000000000000000076280000000004132230005000000000086777
00600002000000000000000076290000000004132230005000000000086777
00600002000000000000000076300000000004132230005000000000086777
00600002000000000000000076310000000004132230005000000000086777
00600002000000000000000076370000000000330580005000000000006942
00600002000000000000000076380000000000446280005000000000009372
00600002000000000000000076390000000001239670005000000000026033
00600002000000000000000076400000000001570250005000000000032975
00600002000000000000000076410000000001768600005000000000037140
00600002000000000000000076420000000001280990005000000000026901
00600002000000000000000076430000000001280990005000000000026901
00600002000000000000000076440000000000347110005000000000007289
00600002000000000000000076450000000001115700005000000000023430
00600002000000000000000076460000000001239670005000000000026033
00600002000000000000000076470000000000702480005000000000014752
00600002000000000000000076480000000000404960005000000000008504
00600002000000000000000076490000000000640500005000000000013450
00600002000000000000000076500000000000652890005000000000013711
00600002000000000000000076510000000000123970005000000000002603
00600002000000000000000076520000000000396690005000000000008331
00600002000000000000000076530000000003280990005000000000068901
00600002000000000000000076540000000002024790005000000000042521
00600002000000000000000076550000000000723140005000000000015186
00600002000000000000000076560000000000421490005000000000008851
00600002000000000000000076570000000000322310005000000000006769
00600002000000000000000076580000000000371900005000000000007810
00600002000000000000000076590000000000433880005000000000009112
00600002000000000000000076600000000000702480005000000000014752
00600002000000000000000076610000000000504130005000000000010587
00600002000000000000000076620000000000371900005000000000007810
00600002000000000000000076630000000000652890005000000000013711
00600002000000000000000076640000000000950410005000000000019959
00600002000000000000000076650000000001033060005000000000021694
00600002000000000000000076320000000004132230005000000000086777
00600002000000000000000076330000000004132230005000000000086777
00600002000000000000000076340000000004132230005000000000086777
00600002000000000000000076350000000004132230005000000000086777
00600002000000000000000076360000000004132230005000000000086777
00600002000000000000000076660000000000826450005000000000017355
00600002000000000000000076670000000000330580005000000000006942
00600002000000000000000076680000000000330580005000000000006942
00600002000000000000000076690000000000074380005000000000001562
00600002000000000000000076700000000003471070005000000000072893
00600002000000000000000076710000000000293390005000000000006161
00600002000000000000000076720000000001115700005000000000023430
00600002000000000000000076730000000000330580005000000000006942
00600002000000000000000076740000000000801650005000000000016835
00600002000000000000000076750000000000867770005000000000018223
00600002000000000000000076760000000000797520005000000000016748
00600002000000000000000076770000000000322310005000000000006769
00600002000000000000000076780000000000702480005000000000014752
00600002000000000000000076800000000000595040005000000000012496
00600002000000000000000076810000000001446280005000000000030372
00600002000000000000000076820000000000413220005000000000008678
00600002000000000000000076830000000000330580005000000000006942
00600002000000000000000076840000000000305790005000000000006421
00600002000000000000000076850000000000578510005000000000012149
00600002000000000000000076860000000002066120005000000000043388
00600002000000000000000076870000000002272730005000000000047727
00600002000000000000000076880000000000991740005000000000020826
00600002000000000000000076890000000000330580005000000000006942
00600002000000000000000076900000000001446280005000000000030372
00600002000000000000000076910000000000396690005000000000008331
00600002000000000000000076920000000000818180005000000000017182
00600003000000000000000000020000000001851090005000000000038873
