001000010000000000002016070180000000000305000084540000000000248000005000000000005208
001000010000000000002016070480000000000305000084540000000000440000005000000000009240
001000040000000000000000704380000000000307090935800000000044766930005000000000940106
001000040000000000000000703480000000000307090935800000000010738010005000000000225498
001000040000000000000000701280000000000307090935800000000136528860005000000002867106
001000030000000000000000333280000000000307106303600000000108892500005000000002286743
001000030000000000000000132480000000000337083341090000000033904950005000000000712004
001000030000000000000000058380000000000307105374840000000000229790005000000000004825
001000020000000000000000003880000000000272045466280000000045784000005000000000961464
001000030000000000000000077980000000000307144127320000000010368980005000000000217748
