00100007000000000000000025740000000000123970005000000000002603
00100007000000000000000025750000000000049460005000000000001039
00100007000000000000000025760000000000189670005000000000003983
00100007000000000000000025770000000000876060005000000000018397
00100007000000000000000025780000000005327600005000000000111879
00100007000000000000000025790000000000752080005000000000015794
00100007000000000000000025800000000000103310005000000000002170
00100007000000000000000025810000000000760370005000000000015968
00100007000000000000000025820000000010605360005000000000222713
00100007000000000000000025840000000000312430005000000000006561
00100007000000000000000025850000000000334720005000000000007029
00100007000000000000000025860000000000132230005000000000002777
00100007000000000000000025870000000000047060005000000000000988
00600007000000000000000007800000000082645290005000000001735551
00600007000000000000000007810000000031580870005000000000663198
00600007000000000000000007820000000003005700005000000000063120
00600007000000000000000007830000000001719050005000000000036100
00600007000000000000000007840000000001608680005000000000033782
00600007000000000000000007850000000006161450005000000000129390
00600007000000000000000007860000000012884880005000000000270582
00600007000000000000000007870000000001379720005000000000028974
00600007000000000000000007880000000000901980005000000000018942
00600007000000000000000007890000000000708800005000000000014885
00600007000000000000000007900000000002240210005000000000047045
00600007000000000000000007910000000000890300005000000000018696
00600007000000000000000007920000000000045450005000000000000955
00600007000000000000000007930000000000801070005000000000016823
00600007000000000000000007940000000001766740005000000000037101
00600007000000000000000007950000000000373390005000000000007841
00600007000000000000000007960000000000634430005000000000013323
00600007000000000000000007970000000001762870005000000000037020
00600007000000000000000007980000000001624830005000000000034122
00600007000000000000000007990000000007548100005000000000158510
00600007000000000000000008000000000011031460005000000000231661
00600004000000000000000014080000000004121490005000000000086551
00100007000000000000000025880000000012816350005000000000269143
00100007000000000000000025890000000000603340005000000000012670
00100007000000000000000025900000000000363640005000000000007636
00100007000000000000000025910000000000066200005000000000001390
00100007000000000000000025920000000000210760005000000000004426
00100007000000000000000025930000000000363700005000000000007638
00100007000000000000000025940000000000082650005000000000001736
00100007000000000000000025950000000001983520005000000000041654
00100007000000000000000025960000000000264470005000000000005554
00100007000000000000000025970000000003161160005000000000066384
00100007000000000000000025980000000000356860005000000000007494
00100007000000000000000025990000000000867810005000000000018224
00100007000000000000000026000000000000037230005000000000000782
00100007000000000000000026010000000016575620005000000000348088
00100007000000000000000026020000000000057890005000000000001216
00600007000000000000000008010000000012816340005000000000269143
00600007000000000000000008020000000004450350005000000000093457
00600007000000000000000008030000000000704320005000000000014791
00600007000000000000000008040000000000273970005000000000005753
00600007000000000000000008050000000000618840005000000000012996
00600007000000000000000008060000000000248180005000000000005212
00600007000000000000000008070000000000257900005000000000005416
00300007000000000000000000300000000012816350005000000000269143
00600004000000000000000014090000000008500020005000000000178500
00100007000000000000000026030000000000246030005000000000005167
00100007000000000000000026040000000000099180005000000000002083
00100007000000000000000026050000000000380210005000000000007985
00100007000000000000000026060000000000261880005000000000005499
00100007000000000000000026070000000000054800005000000000001151
00100007000000000000000026080000000001701830005000000000035738
00100007000000000000000026090000000001983520005000000000041654
00100007000000000000000026100000000000875290005000000000018381
00100007000000000000000026110000000000247940005000000000005207
00100007000000000000000026120000000000214940005000000000004514
00100007000000000000000026130000000000082670005000000000001736
00100007000000000000000026140000000000188690005000000000003962
00100007000000000000000026150000000000789500005000000000016580
00100007000000000000000026160000000000219880005000000000004617
00100007000000000000000026170000000000379340005000000000007966
00100007000000000000000026180000000000161180005000000000003385
00100007000000000000000026190000000000052120005000000000001094
00100007000000000000000026200000000026446890005000000000555385
00100007000000000000000026210000000000241650005000000000005075
00100007000000000000000026220000000000328760005000000000006904
00600007000000000000000008080000000000173620005000000000003646
00600007000000000000000008090000000000089310005000000000001875
00600007000000000000000008100000000000099270005000000000002085
00600007000000000000000008110000000000132230005000000000002777
00600004000000000000000014100000000006847110005000000000143789
00100007000000000000000026230000000001146450005000000000024075
00100007000000000000000026240000000000055500005000000000001166
00100007000000000000000026250000000000684360005000000000014372
00100007000000000000000026260000000000111580005000000000002343
00100007000000000000000026270000000000190170005000000000003994
00100007000000000000000026280000000000157180005000000000003301
00100007000000000000000026290000000000181750005000000000003817
00600007000000000000000008120000000001504190005000000000031588
00600004000000000000000014110000000005319020005000000000111699
00100007000000000000000026300000000000084300005000000000001770
00100007000000000000000026310000000000309970005000000000006509
00100007000000000000000026320000000000078530005000000000001649
00100007000000000000000026330000000147809890005000000003104008
00100007000000000000000026350000000029462800005000000000618719
00100007000000000000000026370000000007291080005000000000153113
00100007000000000000000026380000000000190120005000000000003993
00100007000000000000000026390000000000466990005000000000009807
00100007000000000000000026400000000000282570005000000000005934
00100007000000000000000026410000000000165600005000000000003477
00100007000000000000000026420000000000347280005000000000007293
00600007000000000000000008130000000000151740005000000000003186
00600007000000000000000008140000000002870050005000000000060271
00300007000000000000000000310000000007542210005000000000158387
00600004000000000000000014120000000008435540005000000000177146
00100007000000000000000026430000000000413690005000000000008687
00100007000000000000000026440000000000086780005000000000001822
00100007000000000000000026450000000000086780005000000000001822
00100007000000000000000026460000000000107450005000000000002256
00100007000000000000000026470000000000673550005000000000014144
00100007000000000000000026480000000000172110005000000000003614
00100007000000000000000026490000000000171910005000000000003610
00100007000000000000000026500000000001003140005000000000021066
00100007000000000000000026510000000000396900005000000000008335
00600007000000000000000008150000000000036880005000000000000775
00600007000000000000000008160000000000099050005000000000002080
00300007000000000000000000320000000000086780005000000000001822
00300007000000000000000000330000000000172110005000000000003614
00600004000000000000000014130000000005784310005000000000121470
00100007000000000000000026520000000001570360005000000000032978
00100007000000000000000026530000000000557940005000000000011717
00100007000000000000000026540000000000191070005000000000004012
00100007000000000000000026550000000000086410005000000000001815
00100007000000000000000026560000000000132230005000000000002777
00100007000000000000000026570000000002165930005000000000045485
00100007000000000000000026580000000000025530005000000000000536
00100007000000000000000026590000000000400420005000000000008409
00100007000000000000000026600000000000199500005000000000004190
00100007000000000000000026610000000002382790005000000000050039
00100007000000000000000026620000000000137690005000000000002891
00600007000000000000000008170000000000012290005000000000000258
00600004000000000000000014140000000007537220005000000000158282
00100007000000000000000026630000000037193820005000000000781070
00100007000000000000000026640000000000605890005000000000012724
00100007000000000000000026650000000000097520005000000000002048
00100007000000000000000026660000000000039090005000000000000821
00100007000000000000000026670000000000661170005000000000013885
00100007000000000000000026680000000000210210005000000000004415
00100007000000000000000026690000000000030580005000000000000642
00100007000000000000000026700000000001983520005000000000041654
00100007000000000000000026710000000000661170005000000000013885
00100007000000000000000026720000000000715150005000000000015018
00100007000000000000000026730000000000181240005000000000003806
00100007000000000000000026740000000000925710005000000000019440
00100007000000000000000026750000000000066110005000000000001388
00600007000000000000000008180000000006607520005000000000138758
00600007000000000000000008190000000000074630005000000000001567
00600007000000000000000008200000000000155810005000000000003272
00600004000000000000000014150000000011623070005000000000244085
00100007000000000000000026760000000000670170005000000000014073
00100007000000000000000026770000000001224000005000000000025704
00100007000000000000000026780000000000242360005000000000005089
00100007000000000000000026790000000016763600005000000000352036
00100007000000000000000026810000000000624500005000000000013114
00100007000000000000000026820000000000176340005000000000003703
00100007000000000000000026830000000000541610005000000000011374
00100007000000000000000026840000000000095800005000000000002012
00100007000000000000000026850000000000094830005000000000001991
00100007000000000000000026860000000001008700005000000000021183
00100007000000000000000026870000000000779750005000000000016375
00600007000000000000000008210000000000231400005000000000004860
00600007000000000000000008220000000000041320005000000000000868
00600007000000000000000008240000000000896680005000000000018830
00600007000000000000000008250000000000897210005000000000018841
00600007000000000000000008260000000000121400005000000000002550
00800007000000000000000000060000000000896680005000000000018830
00600004000000000000000014160000000006415130005000000000134718
00100007000000000000000026880000000002242170005000000000047085
00100007000000000000000026890000000000068600005000000000001440
00100007000000000000000026900000000000322640005000000000006775
00100007000000000000000026910000000000107440005000000000002256
00100007000000000000000026920000000000028970005000000000000608
00600004000000000000000014170000000007681830005000000000161318
00100007000000000000000026930000000000207230005000000000004352
00100007000000000000000026940000000000020660005000000000000434
00100007000000000000000026950000000180398380005000000003788366
00100007000000000000000026960000000000840840005000000000017658
00100007000000000000000026970000000002921600005000000000061354
00100007000000000000000026980000000002988340005000000000062755
00100007000000000000000026990000000000020680005000000000000434
00100007000000000000000027000000000000181830005000000000003818
00100007000000000000000027010000000000060330005000000000001267
00100007000000000000000027020000000000047930005000000000001007
00100007000000000000000027030000000000458020005000000000009619
00100007000000000000000027040000000000039670005000000000000833
00100007000000000000000027050000000000492420005000000000010341
00100007000000000000000027060000000000207230005000000000004352
00100007000000000000000027070000000000103350005000000000002170
00600007000000000000000008270000000000410790005000000000008627
00600004000000000000000014180000000003009920005000000000063208
00100007000000000000000027080000000000644660005000000000013538
00100007000000000000000027090000000000270930005000000000005689
00100007000000000000000027100000000000152910005000000000003211
00100007000000000000000027110000000000291750005000000000006127
00100007000000000000000027120000000000207230005000000000004352
00100007000000000000000027130000000000264470005000000000005554
00100007000000000000000027140000000000479370005000000000010067
00100007000000000000000027150000000000111590005000000000002343
00100007000000000000000027160000000000159510005000000000003350
00600007000000000000000008280000000002110200005000000000044314
00600004000000000000000014190000000005363640005000000000112636
00100007000000000000000027170000000000173640005000000000003646
00100007000000000000000027180000000000122370005000000000002570
00100007000000000000000027190000000000101860005000000000002139
00100007000000000000000027200000000000637140005000000000013380
00100007000000000000000027210000000000405020005000000000008505
00100007000000000000000027220000000000140670005000000000002954
00100007000000000000000027230000000000239690005000000000005034
00100007000000000000000027240000000000278180005000000000005842
00100007000000000000000027250000000000635360005000000000013342
00100007000000000000000027260000000000132690005000000000002786
00600007000000000000000008290000000001405320005000000000029512
00600007000000000000000008300000000008264460005000000000173554
00600007000000000000000008310000000004657930005000000000097817
00600007000000000000000008320000000005578790005000000000117155
00600004000000000000000014200000000003866940005000000000081206
00100007000000000000000027270000000000235330005000000000004942
00100007000000000000000027280000000171284770005000000003596980
00100007000000000000000027290000000144374220005000000003031859
00100007000000000000000027300000000000224790005000000000004721
00100007000000000000000027310000000000925670005000000000019439
00100007000000000000000027320000000000285140005000000000005988
00100007000000000000000027330000000000248140005000000000005211
00100007000000000000000027340000000211239770005000000004436035
00100007000000000000000027350000000000128690005000000000002702
00100007000000000000000027360000000000192830005000000000004049
00100007000000000000000027370000000000156900005000000000003295
00100007000000000000000027380000000000021550005000000000000453
00100007000000000000000027390000000297875040005000000006255376
00100007000000000000000027400000000000042020005000000000000882
00100007000000000000000027410000000000263430005000000000005532
00600007000000000000000008330000000000175620005000000000003688
00600007000000000000000008340000000000177730005000000000003732
00600004000000000000000014210000000007686790005000000000161422
00100007000000000000000027420000000018595980005000000000390515
00100007000000000000000027430000000001677860005000000000035235
00100007000000000000000027440000000000541360005000000000011368
00100007000000000000000027450000000001057880005000000000022215
00100007000000000000000027460000000000859500005000000000018050
00100007000000000000000027470000000000281000005000000000005901
00100007000000000000000027480000000000516600005000000000010849
00100007000000000000000027490000000000064470005000000000001354
00600007000000000000000008350000000000144640005000000000003037
00600007000000000000000008360000000002618020005000000000054978
00600004000000000000000014220000000005255380005000000000110363
00100007000000000000000027500000000000163550005000000000003434
00100007000000000000000027510000000000376530005000000000007907
00100007000000000000000027520000000000193220005000000000004058
00100007000000000000000027530000000001363740005000000000028638
00100007000000000000000027540000000000528940005000000000011108
00600007000000000000000008370000000004959130005000000000104142
00600007000000000000000008380000000000603340005000000000012670
00600007000000000000000008390000000003869390005000000000081257
00600007000000000000000008400000000000181890005000000000003820
00600007000000000000000008410000000003674510005000000000077165
00600004000000000000000014230000000009442990005000000000198303
00100007000000000000000027550000000000549720005000000000011544
00100007000000000000000027560000000000487580005000000000010239
00100007000000000000000027570000000000175980005000000000003696
00100007000000000000000027580000000219023940005000000004599503
00100007000000000000000027590000000000190370005000000000003998
00100007000000000000000027600000000000475230005000000000009980
00100007000000000000000027610000000000347730005000000000007302
00100007000000000000000027620000000001157120005000000000024300
00100007000000000000000027630000000051240030005000000001076041
00600007000000000000000008420000000000037770005000000000000793
00600004000000000000000014240000000007960330005000000000167167
00100007000000000000000027640000000000405420005000000000008514
00100007000000000000000027650000000000447850005000000000009405
00100007000000000000000027670000000245308860005000000005151486
00100007000000000000000027680000000000074460005000000000001564
00100007000000000000000027690000000000193880005000000000004071
00100007000000000000000027700000000000099590005000000000002091
00100007000000000000000027710000000000165290005000000000003471
00100007000000000000000027720000000301377970005000000006328937
00100007000000000000000027730000000000019320005000000000000406
00100007000000000000000027740000000000044640005000000000000938
00100007000000000000000027750000000000210840005000000000004428
00600007000000000000000008430000000000140500005000000000002950
00600007000000000000000008440000000000550040005000000000011551
00600007000000000000000008450000000000016890005000000000000355
00600007000000000000000008460000000003715210005000000000078019
00600004000000000000000014250000000006135540005000000000128846
00100007000000000000000027760000000000420420005000000000008829
00100007000000000000000027770000000000171930005000000000003610
00100007000000000000000027780000000000190110005000000000003992
00100007000000000000000027790000000000419880005000000000008818
00100007000000000000000027800000000002934220005000000000061619
00100007000000000000000027810000000000309940005000000000006509
00100007000000000000000027820000000001983470005000000000041653
00100007000000000000000027830000000001187130005000000000024930
00100007000000000000000027840000000000089260005000000000001874
00100007000000000000000027850000000000074480005000000000001564
00100007000000000000000027860000000001983520005000000000041654
00100007000000000000000027870000000000041330005000000000000868
00100007000000000000000027880000000009008670005000000000189182
00100007000000000000000027890000000000227600005000000000004780
00100007000000000000000027900000000001311790005000000000027548
00100007000000000000000027910000000000105000005000000000002205
00100007000000000000000027920000000000160170005000000000003364
00100007000000000000000027930000000041624130005000000000874107
00100007000000000000000027950000000040767780005000000000856123
00100007000000000000000027960000000000925600005000000000019438
00100007000000000000000027970000000001186000005000000000024906
00600007000000000000000008470000000000165320005000000000003472
00600007000000000000000008480000000000551760005000000000011587
00600007000000000000000008490000000000215020005000000000004516
00600007000000000000000008500000000000512480005000000000010762
00600004000000000000000014260000000009266120005000000000194589
00100007000000000000000027990000000000078520005000000000001649
00100007000000000000000028000000000000998080005000000000020960
00100007000000000000000028010000000000132230005000000000002777
00100007000000000000000028020000000000450880005000000000009468
00100007000000000000000028030000000001057880005000000000022215
00100007000000000000000028040000000001074380005000000000022562
00100007000000000000000028060000000000024830005000000000000521
00100007000000000000000028070000000001074380005000000000022562
00100007000000000000000028080000000640044520005000000013440935
00100007000000000000000028100000000010061880005000000000211300
00600007000000000000000008510000000000318180005000000000006682
00600007000000000000000008520000000000012400005000000000000261
00300007000000000000000000340000000001074380005000000000022562
00600004000000000000000014270000000014063640005000000000295336
00100007000000000000000028110000000001363830005000000000028640
00100007000000000000000028120000000007516890005000000000157855
00100007000000000000000028130000000212956020005000000004472077
00100007000000000000000028140000000001057880005000000000022215
00100007000000000000000028150000000000654700005000000000013749
00100007000000000000000028160000000002806030005000000000058927
00100007000000000000000028170000000000424010005000000000008904
00600007000000000000000008530000000000537190005000000000011281
00600007000000000000000008540000000004674380005000000000098162
00600004000000000000000014280000000008090110005000000000169892
00100007000000000000000028180000000000364040005000000000007645
00100007000000000000000028190000000000264470005000000000005554
00100007000000000000000028200000000000286250005000000000006011
00100007000000000000000028210000000000661210005000000000013885
00100007000000000000000028220000000001057880005000000000022215
00100007000000000000000028230000000000122090005000000000002564
00100007000000000000000028240000000000316960005000000000006656
00100007000000000000000028250000000006281260005000000000131906
00100007000000000000000028260000000000277470005000000000005827
00100007000000000000000028270000000000330550005000000000006941
00100007000000000000000028280000000000317520005000000000006668
00100007000000000000000028290000000000393220005000000000008258
00100007000000000000000028310000000054350610005000000001141363
00600007000000000000000008550000000000899170005000000000018883
00600007000000000000000008560000000001392620005000000000029245
00600004000000000000000014290000000012537200005000000000263281
00100007000000000000000028320000000000161170005000000000003384
00100007000000000000000028330000000001321360005000000000027748
00100007000000000000000028340000000000099180005000000000002083
00100007000000000000000028350000000000264900005000000000005563
00100007000000000000000028360000000007542210005000000000158387
00100007000000000000000028370000000001057880005000000000022215
00100007000000000000000028380000000000661170005000000000013885
00100007000000000000000028390000000000134880005000000000002832
00100007000000000000000028400000000002644690005000000000055538
00100007000000000000000028410000000001139710005000000000023934
00100007000000000000000028420000000000045960005000000000000965
00100007000000000000000028430000000000165300005000000000003471
00100007000000000000000028440000000000024800005000000000000521
00100007000000000000000028450000000000180540005000000000003791
00600007000000000000000008570000000000115910005000000000002434
00600007000000000000000008580000000014959030005000000000314140
00600007000000000000000008590000000000071370005000000000001499
00600007000000000000000008600000000000064460005000000000001354
00600007000000000000000008610000000003719400005000000000078108
00600004000000000000000014300000000003371900005000000000070810
00100007000000000000000028460000000000382720005000000000008037
00100007000000000000000028470000000000340000005000000000007140
00100007000000000000000028480000000036789840005000000000772587
00100007000000000000000028490000000000289280005000000000006075
00100007000000000000000028500000000000202910005000000000004261
00100007000000000000000028510000000001057880005000000000022215
00100007000000000000000028520000000020661780005000000000433897
00100007000000000000000028530000000003719370005000000000078107
00100007000000000000000028540000000001487680005000000000031241
00100007000000000000000028550000000001347060005000000000028288
00100007000000000000000028560000000001157120005000000000024299
00100007000000000000000028570000000000570260005000000000011976
00100007000000000000000028580000000000545530005000000000011456
00100007000000000000000028590000000000055540005000000000001166
00100007000000000000000028600000000000368110005000000000007730
00100007000000000000000028610000000000826550005000000000017358
00100007000000000000000028620000000000055530005000000000001166
00100007000000000000000028630000000000120500005000000000002530
00600007000000000000000008620000000000429750005000000000009025
00600004000000000000000014310000000005758680005000000000120932
00100007000000000000000028640000000000106290005000000000002232
00100007000000000000000028650000000000748070005000000000015710
00100007000000000000000028660000000000140530005000000000002951
00100007000000000000000028670000000047692590005000000001001544
00100007000000000000000028680000000000289520005000000000006080
00100007000000000000000028700000000054247930005000000001139207
00100007000000000000000028710000000000628690005000000000013203
00100007000000000000000028720000000006032950005000000000126692
00100007000000000000000028730000000000376870005000000000007914
00100007000000000000000028740000000000367080005000000000007709
00600007000000000000000008630000000002345730005000000000049260
00600007000000000000000008640000000000275370005000000000005783
00600007000000000000000008650000000004958960005000000000104138
00600007000000000000000008660000000003372080005000000000070814
00600004000000000000000014320000000007404140005000000000155487
00100007000000000000000028750000000000165830005000000000003482
00100007000000000000000028760000000000091620005000000000001924
00100007000000000000000028770000000166702820005000000003500759
00100007000000000000000028780000000000082730005000000000001737
00100007000000000000000028790000000000099180005000000000002083
00100007000000000000000028800000000000106070005000000000002227
00100007000000000000000028810000000000330590005000000000006942
00100007000000000000000028820000000000210210005000000000004415
00100007000000000000000028830000000000044690005000000000000938
00100007000000000000000028840000000014050860005000000000295068
00100007000000000000000028850000000413252040005000000008678293
00100007000000000000000028860000000000229360005000000000004817
00100007000000000000000028870000000000967020005000000000020307
00600007000000000000000008670000000001393020005000000000029253
00600007000000000000000008680000000000264470005000000000005554
00300007000000000000000000350000000000264900005000000000005563
00600004000000000000000014330000000002350420005000000000049359
00100005000000000000000055700000000001363650005000000000028637
00100005000000000000000055710000000000428090005000000000008990
00100005000000000000000055720000000000330580005000000000006942
00100005000000000000000055730000000000227250005000000000004772
00100005000000000000000055740000000000413200005000000000008677
00600005000000000000000100780000000004958680005000000000104132
00600005000000000000000100790000000000297520005000000000006248
00600005000000000000000100800000000001561400005000000000032790
00600005000000000000000100810000000000247930005000000000005207
00600005000000000000000100820000000000289260005000000000006074
00600005000000000000000100830000000002528930005000000000053107
00600005000000000000000100840000000000214880005000000000004512
00600005000000000000000100850000000004690080005000000000098492
00600005000000000000000100860000000001804960005000000000037904
00600005000000000000000100870000000001932480005000000000040582
00600005000000000000000100880000000000289260005000000000006074
00100005000000000000000055750000000000793380005000000000016661
00600005000000000000000100890000000000198350005000000000004165
00600005000000000000000100900000000001806610005000000000037939
00600005000000000000000100910000000000276860005000000000005814
00600005000000000000000100920000000000070250005000000000001475
00600005000000000000000100930000000000230000005000000000004830
00600005000000000000000100940000000000082640005000000000001736
00600005000000000000000100950000000000458670005000000000009632
00600005000000000000000100960000000000528930005000000000011107
00600005000000000000000100970000000001777690005000000000037331
00600005000000000000000100980000000000322310005000000000006769
00600005000000000000000100990000000000367770005000000000007723
00100005000000000000000055760000000000396690005000000000008330
00600005000000000000000101000000000000198350005000000000004165
00600005000000000000000101010000000002012400005000000000042260
00600005000000000000000101020000000003928930005000000000082507
00600005000000000000000101030000000000601650005000000000012635
00600005000000000000000101040000000000359500005000000000007550
00600005000000000000000101050000000000314050005000000000006595
00600005000000000000000101060000000000330580005000000000006942
00100005000000000000000055770000000000740710005000000000015555
00600005000000000000000101070000000001028930005000000000021607
00600005000000000000000101080000000000099170005000000000002083
00600005000000000000000101090000000000785120005000000000016488
00600005000000000000000101100000000000305790005000000000006421
00600005000000000000000101110000000000328930005000000000006907
00600005000000000000000101120000000000512400005000000000010760
00100005000000000000000055780000000000404960005000000000008504
00100005000000000000000055790000000000404120005000000000008487
00100005000000000000000055800000000001860000005000000000039060
00600005000000000000000101130000000000181160005000000000003804
00600005000000000000000101140000000000811240005000000000017036
00600005000000000000000101150000000000078510005000000000001649
00600005000000000000000101160000000000297520005000000000006248
00600005000000000000000101170000000001109590005000000000023301
00600005000000000000000101180000000000234710005000000000004929
00600005000000000000000101190000000000769830005000000000016167
00600005000000000000000101200000000000454550005000000000009545
00100005000000000000000055810000000000264460005000000000005554
00100005000000000000000055820000000000132230005000000000002777
00100005000000000000000055830000000000082640005000000000001735
00600005000000000000000101210000000000739670005000000000015533
00600005000000000000000101220000000000528930005000000000011107
00600005000000000000000101230000000000661160005000000000013884
00600005000000000000000101240000000000595040005000000000012496
00600005000000000000000101250000000000619830005000000000013017
00600005000000000000000101260000000001115700005000000000023430
00600005000000000000000101270000000000396690005000000000008331
00100006000000000000000001720000000025000000005000000000525000
00100006000000000000000001730000000040044000005000000000840924
00100006000000000000000001740000000011000000005000000000231000
00100006000000000000000001750000000008000000005000000000168000
00100006000000000000000001760000000021695000005000000000455595
00100006000000000000000001770000000021695000005000000000455595
00300006000000000000000000030000000004555370005000000000095663
00100005000000000000000055840000000001118180005000000000023482
00600005000000000000000101280000000000743800005000000000015620
00600005000000000000000101290000000002885370005000000000060593
00600005000000000000000101300000000000369420005000000000007758
00600005000000000000000101310000000001389420005000000000029178
00600005000000000000000101320000000000363640005000000000007636
00600005000000000000000101330000000000928100005000000000019490
00600005000000000000000101340000000000069920005000000000001468
00600005000000000000000101350000000000297520005000000000006248
00600005000000000000000101360000000000668100005000000000014030
00600005000000000000000101370000000001702480005000000000035752
00600005000000000000000101380000000002314050005000000000048595
00600005000000000000000101390000000000115700005000000000002430
00600005000000000000000101400000000000824210005000000000017309
00600005000000000000000101410000000000396690005000000000008331
00600005000000000000000101420000000002301650005000000000048335
00600005000000000000000101430000000000380170005000000000007983
00600005000000000000000101440000000007024790005000000000147521
00600005000000000000000101450000000000991740005000000000020826
00100005000000000000000055850000000000283480005000000000005953
00100005000000000000000055860000000000060910005000000000001279
00600005000000000000000101460000000000359500005000000000007550
00600005000000000000000101470000000001914010005000000000040194
00600005000000000000000101480000000001510660005000000000031724
00600005000000000000000101490000000000661160005000000000013884
00100005000000000000000055870000000000392550005000000000008244
00100005000000000000000055880000000025552890005000000000536611
00100005000000000000000055890000000000495860005000000000010413
00600005000000000000000101500000000003123970005000000000065603
00600005000000000000000101510000000000657020005000000000013798
00600005000000000000000101520000000000272730005000000000005727
00600005000000000000000101530000000003719010005000000000078099
00600005000000000000000101540000000002181820005000000000045818
00600005000000000000000101550000000000732230005000000000015377
00600005000000000000000101560000000000404130005000000000008487
00600005000000000000000101570000000000867770005000000000018223
00600005000000000000000101580000000000231400005000000000004860
00600005000000000000000101590000000000570250005000000000011975
00100005000000000000000055900000000000330580005000000000006942
00600005000000000000000101600000000001326450005000000000027855
00600005000000000000000101610000000000133060005000000000002794
00600005000000000000000101620000000003505790005000000000073621
00600005000000000000000101630000000001856200005000000000038980
00100005000000000000000055910000000000909100005000000000019091
00600005000000000000000101640000000003070250005000000000064475
00600005000000000000000101650000000000318180005000000000006682
00600005000000000000000101660000000001491740005000000000031326
00600005000000000000000101670000000001363640005000000000028636
00600005000000000000000101680000000001801650005000000000037835
00600005000000000000000101690000000000590910005000000000012409
00600005000000000000000101700000000001021490005000000000021451
00600005000000000000000101710000000001952890005000000000041011
00600005000000000000000101720000000000132230005000000000002777
