001001010000000000000039473080000000000306906336350000000000354400006000000000009569
001001010000000000000039284280000000000306906336350000000000575720006000000000015544
001001010000000000000039286180000000000306906336350000000000307060006000000000008291
001001010000000000000039284680000000000306906336350000000000154000006000000000004158
001001010000000001111139284680000000000306906336350000000000000050005000000000000001
001001010000000000000039280980000000000306906336350000000001954170006000000000052763
001001010000000000000039815080000000000306906336350000000000485110006000000000013098
001010220000000000000635693380000000000305736520840000000000569420005000000000011958
001010220000000000000635551180000000000305736520840000000000588430005000000000012357
001010220000000000000635679980000000000305736520840000000000588430005000000000012357
001081020000000000001652287080000000000306394537380000000000402610006000000000010870
001081020000000000001657009080000000000306394537380000000000175560006000000000004740
001055120000000000000263846380000000000306781864450000000001020000006000000000027540
001055120000000000000263590280000000000306781864450000000001826430006000000000049313
001055120000000001111263590280000000000306781864450000000000046290005000000000000972
001000030000000000000000009680000000000232629364490000000033646220005000000000706571
001000030000000000000000009380000000000232629364490000000033302500005000000000699353
001000030000000000000000010980000000000232629364490000000032025290005000000000672531
001000050000000000000000161480000000000307094145650000000025605220005000000000537710
003000050000000000000000018780000000000307094145650000000025605220005000000000537710
001005010000000000000014730080000000000305005308510000000053967910005000000001133326
001005010000000000000014729980000000000305005308510000000669930030005000000014068531
003005010000000000000006358580000000000305005308510000000087045480005000000001827955
001005010000000000000014647580000000000305005308510000000601424010005000000012629904
001005010000000000000014697180000000000305005308510000000332662600005000000006985915
001005010000000000000014697080000000000305005308510000000270734910005000000005685433
001010070000000000000003619480000000000305011992530000000022832830005000000000479490
001005010000000000000014763380000000000305005308510000000734160130005000000015417363
001000050000000000000000285980000000000305863213890000000040525100005000000000851027
001000040000000000000000189980000000000203022264160000000000495870005000000000010413
003000210000000000000003481480000000000305528161680000000005242510005000000000110093
003000210000000000000003481580000000000305528161680000000000365550005000000000007677
001000210000000000000011350780000000000305528161680000000164096260005000000003446022
001000210000000000000011350880000000000305528161680000000017132860005000000000359790
001000040000000000000003600080000000000306883720850000000001446760005000000000030382
001000040000000000000003599980000000000306883720850000000009224130005000000000193707
001000040000000000000003600180000000000306883720850000000009962620005000000000209215
001000120000000000000008378880000000000305009710410000000155020460005000000003255430
001000040000000000000000928080000000000306754074160000000026491480005000000000556321
001000060000000000000001127880000000000335218175990000000003428810005000000000072005
001000060000000000000001194080000000000335218175990000000000641820005000000000013478
001000060000000000000001203380000000000335218175990000000002234030005000000000046915
001000060000000000000001212080000000000335218175990000000000972700005000000000020427
001000060000000000000001221980000000000335218175990000000003153120005000000000066216
001000060000000000000001222080000000000335218175990000000005799540005000000000121790
001000090000000000000035356180000000000307072971540000000003957310005000000000083104
001000090000000000000035356080000000000307072971540000000026785000005000000000562485
001000090000000000000035355980000000000307072971540000000020086360005000000000421814
001000090000000001111135355980000000000307072971540000000000898180004000000000009431
003000110000000000000002765780000000000307072971540000000000411040005000000000008632
003000110000000000000002765880000000000307072971540000000000822080005000000000017264
003000110000000000111112765880000000000307072971540000000000598800004000000000006287
001000040000000000000002689880000000000306249487650000000004320000005000000000090720
001000120000000000000002818180000000000306059127250000000017030720005000000000357645
001000120000000000000002818080000000000306059127250000000047491840005000000000997329
001000030000000000000000491980000000000307144693780000000013957510005000000000293108
001000040000000000000004556180000000000306109367800000000002040000005000000000042840
001000040000000000000004556380000000000306109367800000000004322690005000000000090777
003000040000000000000000960280000000000306109367800000000007441200005000000000156265
003000040000000000000000964780000000000306109367800000000000495870005000000000010413
001000040000000000000004556280000000000306109367800000000000453600005000000000009526
003000040000000000000000963280000000000306109367800000000000453600005000000000009526
001000230000000000000002934380000000000305560955970000000098543740005000000002069419
003000230000000000000000061680000000000305560955970000000098543740005000000002069419
001000230000000000000002931980000000000305560955970000000013067720005000000000274422
003000230000000000000000061480000000000305560955970000000013067720005000000000274422
001000030000000000000000093180000000000307075005880000000057850000005000000001214850
001000070000000000000003528780000000000307000670210000000000539580005000000000011331
001000070000000000000003527580000000000307000670210000000001557640005000000000032710
001000070000000000000003537280000000000307000670210000000001756700005000000000036891
001000070000000000000003527680000000000307000670210000000004905360005000000000103013
001000710000000000000001445080000000000306446859060000000000178500005000000000003749
001000710000000000000001461480000000000306446859060000000002072700005000000000043527
001000110000000000000001188880000000000305635165730000000001323970005000000000027803
001000110000000000000001192080000000000305635165730000000000742980005000000000015602
