001010540000000000000057160680000000000305736520840000000001131480005000000000023761
001010540000000000000057114880000000000305736520840000000000685950005000000000014405
001010540000000000000057114280000000000305736520840000000000685950005000000000014405
001001010000000000000048020280000000000306906336350000000001588310006000000000042884
001001010000000000000047844780000000000306906336350000000000639430006000000000017265
001001010000000001111147844780000000000306906336350000000000001020005000000000000021
001001010000000000000047667880000000000306906336350000000000497370006000000000013429
001001010000000000000047386680000000000306906336350000000000289450006000000000007815
001001010000000001111147386680000000000306906336350000000000000070005000000000000001
001001010000000000000047389080000000000306906336350000000000391050006000000000010558
001001010000000001111147389080000000000306906336350000000000000150005000000000000003
001001010000000000000047389580000000000306906336350000000000047480006000000000001282
001001010000000001111147389580000000000306906336350000000000000070005000000000000001
001001010000000000000046697080000000000306906336350000000000545820006000000000014737
001001010000000001111146697080000000000306906336350000000000000430005000000000000009
001081040000000000001708460580000000000306394537980000000000406500006000000000010976
001081050000000000001628349780000000000306394537980000000000184960006000000000004994
001010100000000000000020614780000000000305011992530000000043888210005000000000921653
001010100000000000000020628880000000000305011992530000000043896590005000000000921828
001010270000000000000000786180000000000305011992530000000069139960005000000001451939
001010270000000000000000786280000000000305011992530000000025579230005000000000537164
001010270000000000000000786380000000000305011992530000000031963230005000000000671228
001000050000000000000000391680000000000305863213890000000057166200005000000001200490
001000010000000000000000265380000000000202200422790000000001154400005000000000024242
001000210000000000000012530080000000000305528161680000000117327790005000000002463884
001000210000000000000012530180000000000305528161680000000041838400005000000000878607
001000210000000000000012564480000000000305528161680000000093729930005000000001968329
003000110000000000000003123380000000000307072971540000000004887900005000000000102646
001000720000000000000001828780000000000306027640320000000000901360004000000000009464
001000040000000000000005244980000000000306883720850000000006731480005000000000141361
001000040000000000111115244980000000000306883720850000000001825900004000000000019172
001000040000000000000005245080000000000306883720850000000001735290005000000000036441
001000040000000000111115245080000000000306883720850000000000401040004000000000004211
001000040000000000000005245280000000000306883720850000000001717120005000000000036060
001000040000000000111115245280000000000306883720850000000001592400004000000000016720
001000040000000000000005245380000000000306883720850000000004691240005000000000098516
001000120000000000000008908580000000000305009710410000000009675890005000000000203194
001000090000000000000038701980000000000307072971540000000003406560005000000000071538
003000090000000000000014898080000000000307072971540000000003406560005000000000071538
003000090000000000000014764380000000000307072971540000000000298650005000000000006272
001000130000000000000017492080000000000305358963790000000016219980005000000000340619
001000230000000000000003224480000000000305358963790000000001828380005000000000038396
001000230000000000000003295380000000000305560955970000000076435200005000000001605139
001000050000000000000000165480000000000306077694150000000042377400005000000000889925
001000050000000000000000166580000000000306077694150000000008884800005000000000186581
003000050000000000000000010180000000000306077694150000000000788400005000000000016556
003000050000000000000000010280000000000306077694150000000000788400005000000000016556
001000710000000000000001898280000000000306446859060000000001826480005000000000038356
001000030000000000000000003480000000000307140844250000000009867510005000000000207218
001000070000000000000004767880000000000307000670210000000011941400005000000000250769
001000070000000000000004767980000000000307000670210000000019740800005000000000414557
001010270000000000000000766780000000000305011992530000000193403070005000000004061465
001002560000000000000000464580000000000305011111270000002239384800005000000047027081
001002640000000000000012589180000000000305011111270000000060876480005000000001278406
001002640000000000000012590780000000000305011111270000001020392570005000000021428244
001002640000000000000012590880000000000305011111270000000429086980005000000009010827
003002640000000000000000133180000000000305011111270000000012201210005000000000256225
003002640000000000000000134180000000000305011111270000000003882200005000000000081526
003002640000000000000000134280000000000305011111270000000003882200005000000000081526
003002640000000000000000134380000000000305011111270000000003882200005000000000081526
001002640000000000000012633280000000000305011111270000000004159500005000000000087350
001002640000000000000012633480000000000305011111270000000453666260005000000009526991
001002640000000000000012633580000000000305011111270000000383439620005000000008052232
001002640000000000000012633680000000000305011111270000000076759210005000000001611943
003002640000000000000000136780000000000305011111270000000004159500005000000000087350
003002640000000000000000136980000000000305011111270000000012201200005000000000256225
003002640000000000000000137080000000000305011111270000000004159500005000000000087350
001002640000000000000012641980000000000305011111270000000008319010005000000000174699
001002640000000000000012642080000000000305011111270000000113039940005000000002373839
001002640000000000000012642180000000000305011111270000000063906600005000000001342039
001002640000000000000012650580000000000305011111270000000063906600005000000001342039
003002640000000000000000137380000000000305011111270000000003882200005000000000081526
003002640000000000000000137580000000000305011111270000000003882200005000000000081526
001000110000000000000001257980000000000305635165730000000001462810005000000000030719
001000110000000000000001264580000000000305635165730000000001471070005000000000030893
001000030000000000000000018180000000000232629364490000000035359750005000000000742555
001000040000000000000000852280000000000305798660190000000030591750005000000000642427
001005010000000000000015839480000000000305005308510000000077232300005000000001621878
001005010000000000000015820280000000000305005308510000000361842250005000000007598687
001000040000000000000000615680000000000307108226850000000000504150005000000000010587
001000010000000000000000008680000000000307157572450000000001770260005000000000037176
001000030000000000000003183080000000000336800218190000000000373680005000000000007847
001000030000000000000003173780000000000336800218190000000003661920005000000000076900
001005010000000000000015770780000000000305005308510000000217105350005000000004559212
003005010000000000000000665380000000000305005308510000000018453050005000000000387514
001002640000000000000012716180000000000305011111270000000056579040005000000001188160
001002640000000000000012716280000000000305011111270000000447346220005000000009394271
001002640000000000000012718580000000000305011111270000000016083400005000000000337752
003002640000000000000000140380000000000305011111270000000003882200005000000000081526
003002640000000000000000140480000000000305011111270000000003882200005000000000081526
003002640000000000000000140580000000000305011111270000000004159500005000000000087350
003002640000000000000000140780000000000305011111270000000012478510005000000000262049
001002640000000000000012674780000000000305011111270000000063906600005000000001342039
003002640000000000000000138180000000000305011111270000000008041700005000000000168876
002002640000000000000001563080000000000305011111270000000000250000005000000000005250
