00100004000000000000000000300000000004436470004000000000046584
00100004000000000000000000310000000044380000004000000000465990
00100004000000000000000000320000000008603630004000000000090338
00100004000000000000000000330000000044812000004000000000470526
00600004000000000000000001110000000011004520004000000000115548
00600004000000000000000001120000000010591860004000000000111214
00600004000000000000000001130000000009628960004000000000101104
00600004000000000000000001140000000005846150004000000000061385
00600004000000000000000001150000000011004520004000000000115548
00600004000000000000000001160000000012380090004000000000129991
00600004000000000000000001170000000012380090004000000000129991
00600004000000000000000001180000000011417190004000000000119881
00600004000000000000000001190000000016506790004000000000173321
00600004000000000000000001200000000014787330004000000000155267
00600004000000000000000001210000000006190050004000000000064995
00600004000000000000000001220000000006533940004000000000068606
00600004000000000000000001230000000005502260004000000000057774
00600004000000000000000001240000000004126700004000000000043330
00600004000000000000000001250000000017882350004000000000187765
00600004000000000000000001260000000020289590004000000000213041
00600004000000000000000001270000000021321270004000000000223873
00600004000000000000000001280000000022009050004000000000231095
00600004000000000000000001290000000012380090004000000000129991
00600004000000000000000001300000000008253390004000000000086661
00600004000000000000000001310000000006533940004000000000068606
00600004000000000000000001320000000009628960004000000000101104
00600004000000000000000001330000000011692310004000000000122769
00600004000000000000000001340000000012380090004000000000129991
00600004000000000000000001350000000013411760004000000000140824
00600004000000000000000001360000000014443440004000000000151656
00600004000000000000000001370000000014443440004000000000151656
00600004000000000000000001380000000008941180004000000000093882
00600004000000000000000001390000000005502260004000000000057774
00600004000000000000000001400000000006533940004000000000068606
00600004000000000000000001410000000012380090004000000000129991
00600004000000000000000001420000000013411760004000000000140824
00600004000000000000000001430000000005502260004000000000057774
00600004000000000000000001440000000006533940004000000000068606
00600004000000000000000001450000000008941180004000000000093882
00600004000000000000000001460000000008597290004000000000090271
00100004000000000000000000340000000044336000004000000000465528
00300004000000000000000000010000000044812000004000000000470526
00300004000000000000000000020000000044336000004000000000465528
00100004000000000000000000350000000002712000004000000000028476
00100004000000000000000000360000000003123000004000000000032792
00100004000000000000000000370000000002697000004000000000028318
00100004000000000000000000380000000007309270004000000000076747
00600004000000000000000001470000000010517650004000000000110435
00600004000000000000000001480000000006423530004000000000067447
00600004000000000000000001490000000012882350004000000000135265
00600004000000000000000001500000000011294120004000000000118588
00600004000000000000000001510000000006352940004000000000066706
00600004000000000000000001520000000005823530004000000000061147
00600004000000000000000001530000000007764710004000000000081529
00600004000000000000000001540000000008400000004000000000088200
00600004000000000000000001550000000007694120004000000000080788
00600004000000000000000001560000000007976470004000000000083753
00600004000000000000000001570000000016941180004000000000177882
00600004000000000000000001580000000017505880004000000000183812
00600004000000000000000001590000000016235290004000000000170471
00600004000000000000000001600000000016552940004000000000173806
00600004000000000000000001610000000004058820004000000000042618
00600004000000000000000001620000000004164710004000000000043729
00600004000000000000000001630000000007588240004000000000079676
00600004000000000000000001640000000007729410004000000000081159
00600004000000000000000001650000000012988240004000000000136376
00600004000000000000000001660000000013235290004000000000138971
00600004000000000000000001670000000011294120004000000000118588
00600004000000000000000001680000000012070590004000000000126741
00600004000000000000000001690000000009882350004000000000103765
00600004000000000000000001700000000010447060004000000000109694
00600004000000000000000001710000000004058820004000000000042618
00600004000000000000000001720000000004200000004000000000044100
00600004000000000000000001730000000008470590004000000000088941
00600004000000000000000001740000000008682350004000000000091165
00600004000000000000000001750000000008682350004000000000091165
00600004000000000000000001760000000008117650004000000000085235
00600004000000000000000001770000000009176470004000000000096353
00600004000000000000000001780000000009176470004000000000096353
00600004000000000000000001790000000010058820004000000000105618
