00600002000000000000000104930000000001421490005000000000029851
00600002000000000000000104940000000000644630005000000000013537
00600002000000000000000104950000000002272730005000000000047727
00600002000000000000000104960000000000404960005000000000008504
00600002000000000000000104970000000000698350005000000000014665
00600002000000000000000104980000000000181820005000000000003818
00600002000000000000000104990000000001190080005000000000024992
00600002000000000000000105000000000000983470005000000000020653
00600002000000000000000105010000000001322310005000000000027769
00600002000000000000000105020000000000371900005000000000007810
00600002000000000000000105030000000001074380005000000000022562
00600002000000000000000105040000000001128100005000000000023690
00600002000000000000000105050000000001045450005000000000021955
00600002000000000000000105060000000000330580005000000000006942
00600002000000000000000105070000000000413220005000000000008678
00600002000000000000000105080000000000371900005000000000007810
00600002000000000000000105090000000000165290005000000000003471
00600002000000000000000105100000000001818180005000000000038182
00600002000000000000000105110000000000392560005000000000008244
00600002000000000000000105120000000001528930005000000000032107
00600002000000000000000105130000000000082640005000000000001736
00600002000000000000000105140000000000289260005000000000006074
00600002000000000000000105150000000000289260005000000000006074
00600002000000000000000105160000000000685950005000000000014405
00600002000000000000000105170000000000851240005000000000017876
00600002000000000000000105180000000000392560005000000000008244
00600002000000000000000105190000000000640500005000000000013450
00600002000000000000000105200000000000165290005000000000003471
00600002000000000000000105210000000000206610005000000000004339
00600002000000000000000105220000000000735540005000000000015446
00600002000000000000000105230000000000247930005000000000005207
00600002000000000000000105240000000000619830005000000000013017
00600002000000000000000105250000000001057850005000000000022215
00600002000000000000000105260000000000933880005000000000019612
00600002000000000000000105270000000000289260005000000000006074
00600002000000000000000105280000000000950410005000000000019959
00600002000000000000000105290000000000661160005000000000013884
00600002000000000000000105300000000000322310005000000000006769
00600002000000000000000105310000000000198350005000000000004165
00600002000000000000000105320000000000735540005000000000015446
00600002000000000000000105330000000000413220005000000000008678
00600002000000000000000105340000000000392560005000000000008244
00600002000000000000000105350000000001074380005000000000022562
00600002000000000000000105360000000001157020005000000000024298
00600002000000000000000105370000000000619830005000000000013017
00600002000000000000000105380000000001884300005000000000039570
00600002000000000000000105390000000000289260005000000000006074
00600002000000000000000105400000000000396690005000000000008331
00600002000000000000000105410000000000165290005000000000003471
00600002000000000000000105420000000000950410005000000000019959
00600002000000000000000105430000000000735540005000000000015446
00600002000000000000000105440000000000619830005000000000013017
00600002000000000000000105450000000000330580005000000000006942
00600002000000000000000105460000000000173550005000000000003645
00600002000000000000000105470000000001603310005000000000033669
00600002000000000000000105480000000000785120005000000000016488
00600002000000000000000105490000000000392560005000000000008244
00600002000000000000000105500000000000818180005000000000017182
00600002000000000000000105510000000000735540005000000000015446
00600002000000000000000105520000000000652890005000000000013711
00600002000000000000000105530000000002272730005000000000047727
00600002000000000000000105540000000000099170005000000000002083
00600002000000000000000105550000000000165290005000000000003471
00600002000000000000000105560000000000677690005000000000014231
00600002000000000000000105570000000001157020005000000000024298
00600002000000000000000105580000000000206610005000000000004339
00600002000000000000000105590000000000867770005000000000018223
00600002000000000000000105600000000000603310005000000000012669
00600002000000000000000105610000000000537190005000000000011281
00600002000000000000000105620000000000797520005000000000016748
00600002000000000000000105630000000001148760005000000000024124
00600002000000000000000105640000000000289260005000000000006074
00600002000000000000000105650000000002723140005000000000057186
00600002000000000000000105660000000003099170005000000000065083
00600002000000000000000105670000000002561980005000000000053802
00600002000000000000000105680000000003016530005000000000063347
00600002000000000000000105690000000000396690005000000000008331
00600002000000000000000105700000000000805790005000000000016921
00600002000000000000000105710000000000330580005000000000006942
00600002000000000000000105720000000001611570005000000000033843
00600002000000000000000105730000000000074380005000000000001562
00600002000000000000000105740000000000454550005000000000009545
00600002000000000000000105750000000002272730005000000000047727
00600002000000000000000105760000000000809920005000000000017008
00600002000000000000000105770000000000570250005000000000011975
00600002000000000000000105780000000000735540005000000000015446
00600002000000000000000105790000000000487600005000000000010240
00600002000000000000000105800000000000743800005000000000015620
00600002000000000000000105810000000000206610005000000000004339
00600002000000000000000105820000000000818180005000000000017182
00600002000000000000000105830000000001024790005000000000021521
00600002000000000000000105840000000001033060005000000000021694
00600002000000000000000105850000000001024790005000000000021521
00600002000000000000000105860000000001115700005000000000023430
00600002000000000000000105870000000000330580005000000000006942
00600002000000000000000105880000000000599170005000000000012583
00600002000000000000000105890000000001322310005000000000027769
00600002000000000000000105900000000000289260005000000000006074
00600002000000000000000105910000000001066120005000000000022388
00600002000000000000000105920000000001322310005000000000027769
00600002000000000000000105930000000000735540005000000000015446
00600002000000000000000105940000000001198350005000000000025165
00600002000000000000000105950000000000735540005000000000015446
00600002000000000000000105960000000000991740005000000000020826
00600002000000000000000105970000000000528930005000000000011107
00600002000000000000000105980000000000413220005000000000008678
00600002000000000000000105990000000000735540005000000000015446
00600002000000000000000106000000000000818180005000000000017182
00600002000000000000000106010000000000950410005000000000019959
00600002000000000000000106020000000000516530005000000000010847
00600002000000000000000106030000000000619830005000000000013017
00600002000000000000000106040000000000239670005000000000005033
00600002000000000000000106050000000001074380005000000000022562
00600002000000000000000106060000000000735540005000000000015446
00600002000000000000000106070000000000652890005000000000013711
00600002000000000000000106080000000000512400005000000000010760
00600002000000000000000106090000000000247930005000000000005207
00600002000000000000000106100000000001239670005000000000026033
00600002000000000000000106110000000000826450005000000000017355
00100002000000000000000000720000000000735540005000000000015446
00600002000000000000000106120000000001652890005000000000034711
00600002000000000000000106130000000000714880005000000000015012
00600002000000000000000106140000000000818180005000000000017182
00600002000000000000000106150000000000578510005000000000012149
00600002000000000000000106160000000001359500005000000000028550
00600002000000000000000106170000000004132230005000000000086777
00600002000000000000000106180000000000256200005000000000005380
00600002000000000000000106190000000000578510005000000000012149
00600002000000000000000106200000000000157020005000000000003298
00600002000000000000000106210000000000404960005000000000008504
00600002000000000000000106220000000000322310005000000000006769
00600002000000000000000106230000000000322310005000000000006769
00600002000000000000000106240000000002314050005000000000048595
00600002000000000000000106250000000000615700005000000000012930
00600002000000000000000106260000000000330580005000000000006942
00600002000000000000000106270000000000322310005000000000006769
00600002000000000000000106280000000000557850005000000000011715
00600002000000000000000106290000000000330580005000000000006942
00600002000000000000000106300000000001033060005000000000021694
00600002000000000000000106310000000000247930005000000000005207
00600002000000000000000106320000000000900830005000000000018917
00600002000000000000000106330000000000867770005000000000018223
00600002000000000000000106340000000000603310005000000000012669
00600002000000000000000106350000000001033060005000000000021694
00600002000000000000000106360000000000735540005000000000015446
00600002000000000000000106370000000001528930005000000000032107
00600002000000000000000106380000000000570250005000000000011975
00600002000000000000000106390000000000735540005000000000015446
00600002000000000000000106400000000000818180005000000000017182
00600002000000000000000106410000000001859500005000000000039050
00600002000000000000000106420000000000392560005000000000008244
00600002000000000000000106430000000003595040005000000000075496
00600002000000000000000106440000000003099170005000000000065083
00600002000000000000000106450000000002933880005000000000061612
00600002000000000000000106460000000003719010005000000000078099
00600002000000000000000106470000000000322310005000000000006769
00600002000000000000000106480000000000561980005000000000011802
00600002000000000000000106490000000000396690005000000000008331
00600002000000000000000106500000000000570250005000000000011975
00600002000000000000000106510000000000735540005000000000015446
00600002000000000000000106520000000000735540005000000000015446
00600002000000000000000106530000000001157020005000000000024298
00600002000000000000000106540000000000826450005000000000017355
00600002000000000000000106550000000002107440005000000000044256
00600002000000000000000106560000000000330580005000000000006942
00600002000000000000000106570000000001107440005000000000023256
00600002000000000000000106580000000001561980005000000000032802
00600002000000000000000106590000000000733060005000000000015394
00600002000000000000000106600000000000733060005000000000015394
00600002000000000000000106610000000000661160005000000000013884
00600002000000000000000106620000000000942150005000000000019785
00600002000000000000000106630000000000694210005000000000014579
00600002000000000000000106640000000001479340005000000000031066
00600002000000000000000106650000000000495870005000000000010413
00600002000000000000000106660000000000396690005000000000008331
00600002000000000000000106670000000000619830005000000000013017
00600002000000000000000106680000000000371900005000000000007810
00600002000000000000000106690000000000818180005000000000017182
00600002000000000000000106700000000000950410005000000000019959
00600002000000000000000106710000000000392560005000000000008244
00600002000000000000000106720000000000289260005000000000006074
00600002000000000000000106730000000000702480005000000000014752
00600002000000000000000106740000000000702480005000000000014752
00600002000000000000000106750000000000396690005000000000008331
00600002000000000000000106770000000000239670005000000000005033
00600002000000000000000106780000000000392560005000000000008244
00600002000000000000000106790000000001066120005000000000022388
00600002000000000000000106800000000000867770005000000000018223
00600002000000000000000106810000000000247930005000000000005207
00600002000000000000000106820000000000867770005000000000018223
00600002000000000000000106830000000000495870005000000000010413
00600002000000000000000106840000000001983470005000000000041653
00600002000000000000000106850000000000867770005000000000018223
00600002000000000000000106860000000001045450005000000000021955
00600002000000000000000106870000000001024790005000000000021521
00600002000000000000000106880000000001644630005000000000034537
00600002000000000000000106890000000000950410005000000000019959
00600002000000000000000106900000000000495870005000000000010413
00600002000000000000000106910000000002066120005000000000043388
00600002000000000000000106920000000000735540005000000000015446
00600002000000000000000106930000000000454550005000000000009545
00600002000000000000000106940000000000161160005000000000003384
00600002000000000000000106950000000000239670005000000000005033
00600002000000000000000106960000000000165290005000000000003471
00600002000000000000000106970000000000487600005000000000010240
00600002000000000000000106980000000002479340005000000000052066
00600002000000000000000106990000000000330580005000000000006942
00600002000000000000000107000000000000619830005000000000013017
00600002000000000000000107010000000000433880005000000000009112
00600002000000000000000107020000000001033060005000000000021694
00600002000000000000000107030000000000578510005000000000012149
00600002000000000000000107040000000000735540005000000000015446
00600002000000000000000107050000000000247930005000000000005207
00600002000000000000000107060000000000123970005000000000002603
00600002000000000000000107070000000000322310005000000000006769
00600002000000000000000107080000000000239670005000000000005033
00600002000000000000000107090000000001471070005000000000030893
00600002000000000000000107100000000000198350005000000000004165
00600002000000000000000107110000000000909090005000000000019091
00600002000000000000000107120000000003305790005000000000069421
00600002000000000000000107130000000000396690005000000000008331
00600002000000000000000107140000000001033060005000000000021694
00600002000000000000000107150000000000495870005000000000010413
00600002000000000000000107160000000000702480005000000000014752
00600002000000000000000107170000000000413220005000000000008678
00600002000000000000000107180000000000644630005000000000013537
00600002000000000000000107190000000000851240005000000000017876
00600002000000000000000107200000000000479340005000000000010066
00600002000000000000000107210000000000735540005000000000015446
00600002000000000000000107220000000000487600005000000000010240
00600002000000000000000107230000000000495870005000000000010413
00600002000000000000000107240000000001347110005000000000028289
00600002000000000000000107250000000001685950005000000000035405
00600002000000000000000107260000000000289260005000000000006074
00600002000000000000000107270000000000570250005000000000011975
00600002000000000000000107280000000000950410005000000000019959
00600002000000000000000107290000000000537190005000000000011281
00600002000000000000000107300000000000735540005000000000015446
00600002000000000000000107310000000001024790005000000000021521
00600002000000000000000107320000000000371900005000000000007810
00600002000000000000000107330000000000818180005000000000017182
00600002000000000000000107340000000001024790005000000000021521
00600002000000000000000107350000000001652890005000000000034711
00600002000000000000000107360000000000396690005000000000008331
00600002000000000000000107370000000000619830005000000000013017
00600002000000000000000107380000000000247930005000000000005207
00600002000000000000000107390000000000392560005000000000008244
00600002000000000000000107400000000000392560005000000000008244
00600002000000000000000107410000000001528930005000000000032107
00600002000000000000000107420000000002710740005000000000056926
00600002000000000000000107430000000001942150005000000000040785
00600002000000000000000107440000000002049590005000000000043041
00600002000000000000000107450000000000413220005000000000008678
00600002000000000000000107460000000000198350005000000000004165
00600002000000000000000107470000000001074380005000000000022562
00600002000000000000000107480000000001198350005000000000025165
00600002000000000000000107490000000000247930005000000000005207
00600002000000000000000107500000000001198350005000000000025165
00600002000000000000000107510000000000165290005000000000003471
00600002000000000000000107520000000000661160005000000000013884
00600002000000000000000107530000000001685950005000000000035405
00600002000000000000000107540000000000818180005000000000017182
00600002000000000000000107550000000000404960005000000000008504
00600002000000000000000107560000000000714880005000000000015012
00600002000000000000000107570000000001057850005000000000022215
00600002000000000000000107580000000000743800005000000000015620
00600002000000000000000107590000000000475210005000000000009979
00600002000000000000000107600000000000950410005000000000019959
00600002000000000000000107610000000000735540005000000000015446
00600002000000000000000107620000000000735540005000000000015446
00600002000000000000000107630000000000942150005000000000019785
00600002000000000000000107640000000000413220005000000000008678
00600002000000000000000107650000000000867770005000000000018223
00600002000000000000000107660000000000652890005000000000013711
00600002000000000000000107670000000000322310005000000000006769
00600002000000000000000107680000000000330580005000000000006942
00600002000000000000000107690000000000454550005000000000009545
00600002000000000000000107700000000002595040005000000000054496
00100002000000000000000000730000000000735540005000000000015446
00600002000000000000000107710000000000805790005000000000016921
00600002000000000000000107720000000000396690005000000000008331
00600002000000000000000107730000000000826450005000000000017355
00600002000000000000000107740000000000206610005000000000004339
00600002000000000000000107750000000001396690005000000000029331
00600002000000000000000107760000000000867770005000000000018223
00600002000000000000000107770000000001280990005000000000026901
00600002000000000000000107780000000000392560005000000000008244
00600002000000000000000107790000000000867770005000000000018223
00600002000000000000000107800000000000578510005000000000012149
00600002000000000000000107810000000002181820005000000000045818
00600002000000000000000107820000000000818180005000000000017182
00600002000000000000000107830000000000371900005000000000007810
00600002000000000000000107840000000000454550005000000000009545
00600002000000000000000107850000000000289260005000000000006074
00600002000000000000000107860000000000867770005000000000018223
00600002000000000000000107870000000000702480005000000000014752
00600002000000000000000107880000000001033060005000000000021694
00600002000000000000000107890000000000867770005000000000018223
00600002000000000000000107900000000000640500005000000000013450
00600002000000000000000107910000000001033060005000000000021694
00600002000000000000000107920000000001314050005000000000027595
00600002000000000000000107930000000000413220005000000000008678
00600002000000000000000107940000000000454550005000000000009545
00600002000000000000000107950000000000570250005000000000011975
00600002000000000000000107960000000003181820005000000000066818
00600002000000000000000107970000000003181820005000000000066818
00600002000000000000000107980000000000619830005000000000013017
00600002000000000000000107990000000000537190005000000000011281
00600002000000000000000108000000000000785120005000000000016488
00600002000000000000000108010000000000326450005000000000006855
00600002000000000000000108020000000000289260005000000000006074
00600002000000000000000108030000000000289260005000000000006074
00600002000000000000000108040000000002272730005000000000047727
00600002000000000000000108050000000000640500005000000000013450
00600002000000000000000108060000000002809920005000000000059008
00600002000000000000000108070000000003446280005000000000072372
00600002000000000000000108080000000003603310005000000000075669
00600002000000000000000108090000000003417360005000000000071764
00600002000000000000000108100000000004049590005000000000085041
00600002000000000000000108110000000000495870005000000000010413
00600002000000000000000108120000000000818180005000000000017182
00600002000000000000000108130000000000735540005000000000015446
00600002000000000000000108140000000000322310005000000000006769
00600002000000000000000108150000000001107440005000000000023256
00600002000000000000000108160000000000950410005000000000019959
00600002000000000000000108170000000000785120005000000000016488
00600002000000000000000108180000000000123970005000000000002603
00600002000000000000000108190000000000371900005000000000007810
00600002000000000000000108200000000001074380005000000000022562
00600002000000000000000108210000000000433880005000000000009112
00600002000000000000000108220000000000371900005000000000007810
00600002000000000000000108230000000000570250005000000000011975
00600002000000000000000108240000000000371900005000000000007810
00600002000000000000000108250000000001314050005000000000027595
00600002000000000000000108260000000000289260005000000000006074
00600002000000000000000108270000000000735540005000000000015446
00600002000000000000000108280000000001033060005000000000021694
00600002000000000000000108290000000003673550005000000000077145
00600002000000000000000108300000000003983470005000000000083653
00600002000000000000000108310000000003483470005000000000073153
00600002000000000000000108320000000002264460005000000000047554
00600002000000000000000108330000000003719010005000000000078099
00600002000000000000000108340000000001673550005000000000035145
00600002000000000000000108350000000000322310005000000000006769
00600002000000000000000108360000000000735540005000000000015446
00600002000000000000000108370000000000983470005000000000020653
00600002000000000000000108380000000000206610005000000000004339
00600002000000000000000108390000000000578510005000000000012149
00600002000000000000000108400000000000322310005000000000006769
00600002000000000000000108410000000000487600005000000000010240
00600002000000000000000108420000000000371900005000000000007810
00600002000000000000000108430000000001611570005000000000033843
00600002000000000000000108440000000000867770005000000000018223
00600002000000000000000108450000000000909090005000000000019091
00600002000000000000000108460000000000619830005000000000013017
00600002000000000000000108470000000000735540005000000000015446
00600002000000000000000108480000000003512400005000000000073760
00600002000000000000000108490000000004082640005000000000085736
00600002000000000000000108500000000003933880005000000000082612
00600002000000000000000108510000000003533060005000000000074194
00600002000000000000000108520000000002479340005000000000052066
00600002000000000000000108530000000000487600005000000000010240
00600002000000000000000108540000000000330580005000000000006942
00600002000000000000000108550000000000842980005000000000017702
00600002000000000000000108560000000001190080005000000000024992
00600002000000000000000108570000000001429750005000000000030025
00600002000000000000000108580000000000652890005000000000013711
00600002000000000000000108590000000000144630005000000000003037
00600002000000000000000108600000000001280990005000000000026901
00600002000000000000000108610000000000888430005000000000018657
00600002000000000000000108620000000000826450005000000000017355
00600002000000000000000108630000000000991740005000000000020826
00600002000000000000000108640000000000851240005000000000017876
00600002000000000000000108650000000000578510005000000000012149
00600002000000000000000108660000000000785120005000000000016488
00600002000000000000000108670000000000950410005000000000019959
00600002000000000000000108680000000000735540005000000000015446
00600002000000000000000108690000000000247930005000000000005207
00600002000000000000000108700000000000330580005000000000006942
00600002000000000000000108710000000000719010005000000000015099
00600002000000000000000108720000000001033060005000000000021694
00600002000000000000000108730000000000735540005000000000015446
00600002000000000000000108740000000000735540005000000000015446
00600002000000000000000108750000000001033060005000000000021694
00600002000000000000000108760000000000735540005000000000015446
00600002000000000000000108770000000002462810005000000000051719
00600002000000000000000108780000000001314050005000000000027595
00600002000000000000000108790000000000619830005000000000013017
00600002000000000000000108800000000000165290005000000000003471
00600002000000000000000108810000000001256200005000000000026380
00600002000000000000000108830000000000805790005000000000016921
00600002000000000000000108840000000000826450005000000000017355
00600002000000000000000108850000000001033060005000000000021694
00600002000000000000000108860000000000330580005000000000006942
00600002000000000000000108870000000000289260005000000000006074
00600002000000000000000108880000000000371900005000000000007810
00600002000000000000000108890000000000735540005000000000015446
00600002000000000000000108900000000001115700005000000000023430
00600002000000000000000108910000000000818180005000000000017182
00600002000000000000000108920000000000818180005000000000017182
00600002000000000000000108930000000000975210005000000000020479
00600002000000000000000108940000000000714880005000000000015012
00600002000000000000000108950000000000247930005000000000005207
00600002000000000000000108960000000002272730005000000000047727
00600002000000000000000108970000000001169420005000000000024558
00600002000000000000000108820000000000413220005000000000008678
00600002000000000000000108980000000001322310005000000000027769
00600002000000000000000108990000000000413220005000000000008678
00600002000000000000000109000000000000570250005000000000011975
00600002000000000000000109010000000001355370005000000000028463
00600002000000000000000109020000000000735540005000000000015446
00600002000000000000000109030000000000619830005000000000013017
00600002000000000000000109040000000000652890005000000000013711
00600002000000000000000109050000000000743800005000000000015620
00600002000000000000000109060000000000735540005000000000015446
00600002000000000000000109070000000000371900005000000000007810
00600002000000000000000109080000000000818180005000000000017182
00600002000000000000000109090000000000735540005000000000015446
00600002000000000000000109100000000000330580005000000000006942
00600002000000000000000109110000000000942150005000000000019785
00600002000000000000000109120000000000289260005000000000006074
00100002000000000000000000740000000002933880005000000000061612
00600002000000000000000109130000000000975210005000000000020479
00600002000000000000000109140000000000735540005000000000015446
00600002000000000000000109150000000000652890005000000000013711
00600002000000000000000109160000000000206610005000000000004339
00600002000000000000000109170000000000206610005000000000004339
00600002000000000000000109180000000004090910005000000000085909
00600002000000000000000109190000000003595040005000000000075496
