00100007000000000000000020460000000000702820005000000000014759
00100007000000000000000020470000000000181880005000000000003819
00100007000000000000000020480000000000455210005000000000009559
00100007000000000000000020490000000000654350005000000000013741
00100007000000000000000020500000000001917590005000000000040269
00100007000000000000000020510000000000653460005000000000013723
00100007000000000000000020520000000000112400005000000000002360
00100007000000000000000020530000000000305750005000000000006421
00600007000000000000000004330000000010192240005000000000214037
00600004000000000000000013690000000009038850005000000000189816
00100007000000000000000020540000000001340930005000000000028159
00100007000000000000000020550000000000140590005000000000002952
00100007000000000000000020560000000000387060005000000000008128
00100007000000000000000020570000000001262020005000000000026502
00100007000000000000000020580000000000661170005000000000013885
00100007000000000000000020590000000000829630005000000000017422
00100007000000000000000020600000000000079380005000000000001667
00600004000000000000000013700000000012915700005000000000271230
00100007000000000000000020610000000000221990005000000000004662
00100007000000000000000020620000000000090060005000000000001891
00100007000000000000000020630000000000037600005000000000000790
00100007000000000000000020640000000000067440005000000000001416
00100007000000000000000020650000000000183340005000000000003850
00100007000000000000000020660000000000611210005000000000012835
00100007000000000000000020670000000000144400005000000000003032
00100007000000000000000020680000000000084290005000000000001770
00100007000000000000000020690000000000045660005000000000000959
00100007000000000000000020700000000000483570005000000000010155
00600007000000000000000004340000000001983520005000000000041654
00600007000000000000000004350000000000735470005000000000015445
00600007000000000000000004360000000000539500005000000000011330
00600007000000000000000004370000000000550740005000000000011566
00600007000000000000000004380000000000676490005000000000014206
00600007000000000000000004390000000000283100005000000000005945
00600007000000000000000004400000000001386340005000000000029113
00600007000000000000000004410000000000758680005000000000015932
00600007000000000000000004420000000113682270005000000002387328
00600004000000000000000013710000000009244630005000000000194137
00100007000000000000000020710000000000067440005000000000001416
00100007000000000000000020720000000000661170005000000000013885
00100007000000000000000020730000000001568690005000000000032942
00100007000000000000000020740000000000082450005000000000001731
00100007000000000000000020750000000000402520005000000000008453
00100007000000000000000020760000000000119420005000000000002508
00100007000000000000000020770000000000342460005000000000007192
00100007000000000000000020780000000000108880005000000000002286
00600007000000000000000004430000000000157120005000000000003300
00600007000000000000000004440000000010248930005000000000215227
00600004000000000000000013720000000008788450005000000000184558
00100007000000000000000020790000000000578970005000000000012158
00100007000000000000000020800000000000070370005000000000001478
00100007000000000000000020810000000000206710005000000000004341
00100007000000000000000020820000000000563750005000000000011839
00600007000000000000000004450000000000200100005000000000004202
00600007000000000000000004460000000018599640005000000000390592
00600007000000000000000004470000000018599640005000000000390592
00600004000000000000000013730000000012314880005000000000258612
00100007000000000000000020830000000000080790005000000000001696
00100007000000000000000020840000000000030910005000000000000649
00100007000000000000000020850000000000458680005000000000009632
00100007000000000000000020860000000000871070005000000000018292
00600004000000000000000013740000000006046290005000000000126972
00100007000000000000000020870000000000132230005000000000002777
00100007000000000000000020880000000000242500005000000000005093
00100007000000000000000020890000000000443890005000000000009322
00100007000000000000000020900000000000137680005000000000002891
00100007000000000000000020910000000002904550005000000000060995
00100007000000000000000020920000000002546120005000000000053468
00100007000000000000000020930000000000316110005000000000006638
00100007000000000000000020940000000023771570005000000000499203
00100007000000000000000020950000000000755440005000000000015864
00100007000000000000000020960000000001200540005000000000025211
00100007000000000000000020970000000044695320005000000000938602
00100007000000000000000020980000000018318180005000000000384682
00100007000000000000000020990000000004277570005000000000089829
00100007000000000000000021000000000000214960005000000000004514
00100007000000000000000021010000000000037240005000000000000782
00600007000000000000000004480000000000000000006000000000000000
00600007000000000000000004490000000000279670005000000000005873
00600007000000000000000004500000000000144880005000000000003042
00600004000000000000000013750000000031738530005000000000666509
00100007000000000000000021020000000006130310005000000000128737
00100007000000000000000021030000000012926910005000000000271465
00100007000000000000000021040000000011512940005000000000241772
00100007000000000000000021050000000036698640005000000000770671
00100007000000000000000021060000000010979070005000000000230561
00100007000000000000000021070000000000950430005000000000019959
00100007000000000000000021080000000000181950005000000000003821
00600007000000000000000004510000000000103830005000000000002180
00300007000000000000000000210000000001454130005000000000030537
00800007000000000000000000030000000000000000006000000000000000
00600004000000000000000013760000000004266950005000000000089606
00100007000000000000000021090000000000318220005000000000006683
00100007000000000000000021100000000002265740005000000000047580
00100007000000000000000021110000000000515690005000000000010830
00100007000000000000000021120000000000132230005000000000002777
00100007000000000000000021130000000000075170005000000000001579
00100007000000000000000021140000000003696600005000000000077629
00100007000000000000000021150000000003998960005000000000083978
00100007000000000000000021160000000000661170005000000000013885
00100007000000000000000021170000000003811580005000000000080043
00100007000000000000000021180000000004935550005000000000103646
00100007000000000000000021190000000002459830005000000000051656
00100007000000000000000021200000000004011210005000000000084236
00100007000000000000000021210000000000067340005000000000001414
00100007000000000000000021220000000000398300005000000000008364
00100007000000000000000021230000000000396700005000000000008331
00100007000000000000000021240000000000410460005000000000008620
00100007000000000000000021250000000002996690005000000000062931
00100007000000000000000021260000000000102480005000000000002152
00100007000000000000000021270000000000332980005000000000006993
00600007000000000000000004520000000000256500005000000000005386
00600007000000000000000004530000000000100450005000000000002110
00600004000000000000000013770000000013033060005000000000273694
00100007000000000000000021280000000138183370005000000002901851
00100007000000000000000021290000000000164990005000000000003465
00100007000000000000000021300000000000231400005000000000004860
00100007000000000000000021310000000000396700005000000000008331
00100007000000000000000021320000000000187030005000000000003928
00100007000000000000000021330000000132148010005000000002775108
00100007000000000000000021340000000000411820005000000000008648
00100007000000000000000021350000000002562240005000000000053807
00100007000000000000000021360000000000066180005000000000001390
00100007000000000000000021370000000000091670005000000000001925
00100007000000000000000021380000000000175620005000000000003688
00100007000000000000000021390000000000104130005000000000002187
00100007000000000000000021400000000000080780005000000000001696
00100007000000000000000021410000000000388490005000000000008158
00100007000000000000000021420000000000095570005000000000002007
00600007000000000000000004540000000001906530005000000000040037
00300007000000000000000000220000000138183370005000000002901851
00600004000000000000000013780000000010760350005000000000225967
00100007000000000000000021430000000000190620005000000000004003
00100007000000000000000021440000000000091510005000000000001922
00100007000000000000000021450000000000083300005000000000001749
00100007000000000000000021460000000000025290005000000000000531
00100007000000000000000021470000000000045510005000000000000956
00100007000000000000000021480000000000049980005000000000001050
00100007000000000000000021490000000000025290005000000000000531
00100007000000000000000021500000000000305790005000000000006422
00100007000000000000000021510000000000455210005000000000009559
00100007000000000000000021520000000001986980005000000000041727
00100007000000000000000021530000000000189720005000000000003984
00100007000000000000000021540000000000202480005000000000004252
00100007000000000000000021550000000000082900005000000000001741
00100007000000000000000021560000000000545120005000000000011448
00600007000000000000000004550000000000070250005000000000001475
00600007000000000000000004560000000000123650005000000000002597
00600007000000000000000004570000000000000000006000000000000000
00600007000000000000000004580000000000034830005000000000000732
00600004000000000000000013790000000011366160005000000000238689
00100007000000000000000021570000000000050290005000000000001056
00100007000000000000000021580000000000366130005000000000007689
00100007000000000000000021590000000000372500005000000000007822
00100007000000000000000021600000000000077790005000000000001634
00600004000000000000000013800000000007588450005000000000159358
00100007000000000000000021610000000000262900005000000000005521
00100007000000000000000021620000000000078520005000000000001649
00100007000000000000000021630000000002562240005000000000053807
00100007000000000000000021640000000034759390005000000000729947
00100007000000000000000021650000000000120080005000000000002522
00100007000000000000000021660000000000793410005000000000016662
00100007000000000000000021670000000000687730005000000000014442
00100007000000000000000021680000000000132230005000000000002777
00100007000000000000000021690000000000126450005000000000002656
00100007000000000000000021700000000000249680005000000000005243
00100007000000000000000021710000000000129610005000000000002722
00100007000000000000000021720000000000157520005000000000003308
00100007000000000000000021730000000000576210005000000000012100
00100007000000000000000021740000000000082890005000000000001741
00600004000000000000000013810000000013416120005000000000281738
00100007000000000000000021750000000000067440005000000000001416
00100007000000000000000021760000000000079340005000000000001666
00100007000000000000000021770000000000054220005000000000001139
00100007000000000000000021780000000000139040005000000000002920
00100007000000000000000021790000000000144710005000000000003039
00100007000000000000000021800000000000316110005000000000006638
00100007000000000000000021810000000000084290005000000000001770
00100007000000000000000021820000000000206600005000000000004339
00100007000000000000000021830000000000661170005000000000013885
00100007000000000000000021840000000016876600005000000000354409
00100007000000000000000021850000000001812400005000000000038060
00100007000000000000000021860000000252295530005000000005298206
00100007000000000000000021870000000001314100005000000000027596
00100007000000000000000021880000000000025290005000000000000531
00100007000000000000000021890000000000132230005000000000002777
00100007000000000000000021900000000000236360005000000000004964
00600007000000000000000004590000000000036530005000000000000767
00600007000000000000000004600000000006615250005000000000138920
00600007000000000000000004610000000000049720005000000000001044
00600004000000000000000013820000000014007460005000000000294157
00100007000000000000000021910000000000062490005000000000001312
00100007000000000000000021920000000000892150005000000000018735
00100007000000000000000021930000000000019830005000000000000417
00100007000000000000000021940000000000044670005000000000000938
00100007000000000000000021950000000000023140005000000000000486
00100007000000000000000021960000000000089560005000000000001881
00100007000000000000000021970000000000215260005000000000004520
00100007000000000000000021980000000000033520005000000000000704
00100007000000000000000021990000000000457310005000000000009603
00100007000000000000000022000000000000500170005000000000010504
00100007000000000000000022010000000007415910005000000000155734
00100007000000000000000022020000000000984170005000000000020668
00100007000000000000000022030000000000066120005000000000001389
00100007000000000000000022040000000000091320005000000000001918
00100007000000000000000022050000000000048470005000000000001018
00100007000000000000000022060000000000084290005000000000001770
00100007000000000000000022070000000000585120005000000000012288
00100007000000000000000022080000000000207150005000000000004350
00100007000000000000000022090000000000354220005000000000007439
00100007000000000000000022100000000000052680005000000000001106
00100007000000000000000022110000000000375990005000000000007896
00600007000000000000000004620000000001062450005000000000022312
00600007000000000000000004630000000000843930005000000000017723
00600007000000000000000004640000000000132230005000000000002777
00600007000000000000000004650000000000228450005000000000004797
00600007000000000000000004660000000000041650005000000000000875
00600007000000000000000004670000000000111980005000000000002351
00600007000000000000000004680000000000467020005000000000009807
00600007000000000000000004690000000000381020005000000000008002
00600007000000000000000004700000000000050000005000000000001050
00600007000000000000000004710000000000415140005000000000008718
00600007000000000000000004720000000000248080005000000000005210
00600007000000000000000004730000000000029520005000000000000620
00600007000000000000000004740000000000496450005000000000010425
00600007000000000000000004750000000000496520005000000000010427
00100007000000000000000022120000000000152890005000000000003211
00100007000000000000000022130000000000120830005000000000002537
00100007000000000000000022140000000000190400005000000000003998
00100007000000000000000022150000000000382150005000000000008025
00100007000000000000000022160000000000049830005000000000001046
00100007000000000000000022170000000000018270005000000000000384
00100007000000000000000022180000000000495890005000000000010414
00100007000000000000000022190000000000256800005000000000005393
00100007000000000000000022200000000000037190005000000000000781
00100007000000000000000022210000000000099500005000000000002090
00600007000000000000000004760000000000074380005000000000001562
00600007000000000000000004770000000000081030005000000000001702
00600007000000000000000004780000000000132230005000000000002777
00600007000000000000000004790000000000142150005000000000002985
00600007000000000000000004800000000000095410005000000000002004
00600007000000000000000004810000000000132230005000000000002777
00600007000000000000000004820000000000413180005000000000008677
00600007000000000000000004830000000000315590005000000000006627
00600007000000000000000004840000000000079240005000000000001664
00600007000000000000000004850000000000252360005000000000005300
00600004000000000000000013840000000002946300005000000000061872
00100007000000000000000022220000000289231050005000000006073852
00100007000000000000000022230000000000144710005000000000003039
00100007000000000000000022240000000000021490005000000000000451
00100007000000000000000022250000000011315690005000000000237629
00100007000000000000000022260000000000191070005000000000004012
00100007000000000000000022270000000000041660005000000000000875
00100007000000000000000022280000000000409550005000000000008601
00100007000000000000000022290000000012119830005000000000254517
00100007000000000000000022300000000306198360005000000006430166
00100007000000000000000022310000000000585120005000000000012288
00600007000000000000000004860000000000099170005000000000002083
00600007000000000000000004870000000000463640005000000000009736
00600007000000000000000004880000000000537200005000000000011281
00600004000000000000000013850000000004118520005000000000086489
00100007000000000000000022320000000001774860005000000000037272
00100007000000000000000022330000000000793410005000000000016662
00100007000000000000000022340000000000413740005000000000008689
00100007000000000000000022350000000000073060005000000000001534
00100007000000000000000022360000000000496360005000000000010424
00100007000000000000000022370000000015371980005000000000322812
00100007000000000000000022380000000000314850005000000000006612
00600004000000000000000013860000000007723140005000000000162186
00100007000000000000000022390000000462126120005000000009704649
00100007000000000000000022400000000000526330005000000000011053
00100007000000000000000022410000000000161570005000000000003393
00100007000000000000000022420000000000983470005000000000020653
00100007000000000000000022430000000000232020005000000000004873
00100007000000000000000022440000000267272390005000000005612720
00100007000000000000000022450000000002200000005000000000046200
00100007000000000000000022460000000000351240005000000000007376
00100007000000000000000022470000000000132230005000000000002777
00100007000000000000000022480000000000132230005000000000002777
00100007000000000000000022490000000002165080005000000000045467
00100007000000000000000022500000000001057880005000000000022215
00100007000000000000000022510000000000323490005000000000006793
00100007000000000000000022520000000000231280005000000000004857
00600007000000000000000004890000000000633640005000000000013306
00600007000000000000000004900000000000144840005000000000003042
00600004000000000000000013870000000009352890005000000000196411
00100007000000000000000022530000000000033060005000000000000694
00100007000000000000000022540000000000727360005000000000015275
00100007000000000000000022550000000000547940005000000000011507
00100007000000000000000022560000000000107400005000000000002255
00100007000000000000000022570000000003909170005000000000082093
00100007000000000000000022580000000000236040005000000000004957
00100007000000000000000022590000000000079140005000000000001662
00100007000000000000000022600000000000099120005000000000002082
00100007000000000000000022610000000257811080005000000005414033
00100007000000000000000022620000000000012730005000000000000267
00100007000000000000000022630000000000178390005000000000003746
00100007000000000000000022640000000000285870005000000000006003
00100007000000000000000022650000000000380040005000000000007981
00600007000000000000000004910000000000512450005000000000010761
00600007000000000000000004920000000000467050005000000000009808
00600007000000000000000004930000000000650500005000000000013660
00600004000000000000000013880000000006945790005000000000145862
00100007000000000000000022660000000000132230005000000000002777
00100007000000000000000022670000000000165330005000000000003472
00100007000000000000000022680000000000364030005000000000007645
00100007000000000000000022690000000000223690005000000000004697
00100007000000000000000022700000000000603400005000000000012672
00100007000000000000000022710000000000132230005000000000002777
00100007000000000000000022720000000000421490005000000000008851
00100007000000000000000022730000000000269030005000000000005650
00100007000000000000000022740000000000046570005000000000000978
00100007000000000000000022750000000000579040005000000000012160
00100007000000000000000022760000000001057880005000000000022215
00100007000000000000000022770000000000639800005000000000013436
00100007000000000000000022780000000001612500005000000000033863
00100007000000000000000022790000000000124340005000000000002611
00600007000000000000000004940000000000065330005000000000001372
00600007000000000000000004950000000000045550005000000000000957
00600007000000000000000004960000000000564790005000000000011861
00600007000000000000000004970000000005650040005000000000118651
00600007000000000000000004980000000002479990005000000000052080
00600007000000000000000004990000000000200210005000000000004204
00600007000000000000000005000000000000096070005000000000002017
00600007000000000000000005010000000000197990005000000000004158
00600007000000000000000005020000000000074380005000000000001562
00600007000000000000000005030000000081820860005000000001718238
00600004000000000000000013890000000010470270005000000000219876
00100007000000000000000022800000000000074680005000000000001568
00100007000000000000000022810000000000032230005000000000000677
00100007000000000000000022820000000000177030005000000000003718
00100007000000000000000022830000000000332270005000000000006978
00100007000000000000000022840000000000083150005000000000001746
00100007000000000000000022850000000000190620005000000000004003
00100007000000000000000022860000000001176460005000000000024706
00100007000000000000000022870000000000512800005000000000010769
00100007000000000000000022880000000000141060005000000000002962
00100007000000000000000022890000000000163680005000000000003437
00600007000000000000000005040000000001719050005000000000036100
00600007000000000000000005050000000000103190005000000000002167
00600004000000000000000013900000000007487600005000000000157240
00100007000000000000000022900000000000122230005000000000002567
00100007000000000000000022910000000000074390005000000000001562
00100007000000000000000022920000000000132230005000000000002777
00100007000000000000000022930000000000661170005000000000013885
00100007000000000000000022940000000000471070005000000000009892
00100007000000000000000022950000000000517730005000000000010872
00100007000000000000000022970000000000462870005000000000009720
00100007000000000000000022980000000000821640005000000000017254
00100007000000000000000022990000000082068680005000000001723442
00100007000000000000000023000000000000021250005000000000000446
00600007000000000000000005060000000000388500005000000000008158
00600007000000000000000005070000000016690000005000000000350490
00600007000000000000000005080000000006522370005000000000136970
00600004000000000000000013910000000014187620005000000000297940
00100007000000000000000023010000000000055500005000000000001166
00100007000000000000000023020000000000067790005000000000001423
00100007000000000000000023030000000000095060005000000000001996
00100007000000000000000023040000000000582100005000000000012224
00100007000000000000000023050000000000277700005000000000005832
00100007000000000000000023060000000000182580005000000000003834
00100007000000000000000023070000000000402520005000000000008453
00100007000000000000000023080000000235539100005000000004946321
00600004000000000000000013920000000015789260005000000000331574
00100007000000000000000023090000000000083600005000000000001756
00100007000000000000000023100000000000185980005000000000003906
00100007000000000000000023110000000000152910005000000000003211
00100007000000000000000023120000000000178590005000000000003750
00100007000000000000000023130000000000545490005000000000011455
00100007000000000000000023140000000000077270005000000000001623
00100007000000000000000023150000000000670790005000000000014087
00100007000000000000000023160000000000405190005000000000008509
00100007000000000000000023170000000000198380005000000000004166
00600007000000000000000005090000000000229360005000000000004816
00600007000000000000000005100000000000075170005000000000001578
00600007000000000000000005110000000000088510005000000000001859
00600004000000000000000013930000000016831400005000000000353460
00100007000000000000000023190000000148761530005000000003123992
00100007000000000000000023200000000235729450005000000004950318
00100007000000000000000023210000000000322490005000000000006772
00100007000000000000000023220000000001209920005000000000025408
00100007000000000000000023230000000000497350005000000000010444
00100007000000000000000023240000000000123980005000000000002604
00100007000000000000000023250000000000132230005000000000002777
00100007000000000000000023260000000002315050005000000000048616
00100007000000000000000023270000000000095060005000000000001996
00100007000000000000000023280000000000314070005000000000006595
00100007000000000000000023290000000001735690005000000000036449
00100007000000000000000023300000000000118180005000000000002482
00100007000000000000000023310000000000759670005000000000015953
00100007000000000000000023320000000000788430005000000000016557
00600007000000000000000005120000000000207280005000000000004353
00600004000000000000000013940000000010839700005000000000227634
00100005000000000000000054690000000000413220005000000000008678
00100005000000000000000054700000000000099180005000000000002083
00100005000000000000000054710000000020305800005000000000426422
00600005000000000000000096120000000000107440005000000000002256
00600005000000000000000096130000000000148760005000000000003124
00600005000000000000000096140000000000078510005000000000001649
00600005000000000000000096150000000000305790005000000000006421
00600005000000000000000096160000000000177690005000000000003731
00600005000000000000000096170000000000909090005000000000019091
00600005000000000000000096180000000000652890005000000000013711
00600005000000000000000096190000000000123970005000000000002603
00600005000000000000000096200000000001330580005000000000027942
00100005000000000000000054720000000002933980005000000000061614
00600005000000000000000096210000000000088430005000000000001857
00600005000000000000000096220000000000633060005000000000013294
00600005000000000000000096230000000000257850005000000000005415
00600005000000000000000096240000000000252070005000000000005293
00600005000000000000000096250000000001632230005000000000034277
00600005000000000000000096260000000000413220005000000000008678
00600005000000000000000096270000000001090910005000000000022909
00600005000000000000000096280000000000521490005000000000010951
00600005000000000000000096290000000007595540005000000000159506
00600005000000000000000096300000000001884300005000000000039570
00600005000000000000000096310000000000438020005000000000009198
00600005000000000000000096320000000000520660005000000000010934
00600005000000000000000096330000000001322310005000000000027769
00600005000000000000000096340000000000103310005000000000002169
00100005000000000000000054730000000001311740005000000000027547
00600005000000000000000096350000000002014880005000000000042312
00600005000000000000000096360000000000648100005000000000013610
00600005000000000000000096370000000000783470005000000000016453
00600005000000000000000096380000000000074380005000000000001562
00600005000000000000000096390000000000396690005000000000008331
00600005000000000000000096400000000001570250005000000000032975
00600005000000000000000096410000000000785120005000000000016488
00600005000000000000000096420000000000710740005000000000014925
00600005000000000000000096430000000000438020005000000000009198
00600005000000000000000096440000000000342980005000000000007202
00600005000000000000000096450000000003202480005000000000067252
00600005000000000000000096460000000003202480005000000000067252
00600005000000000000000096470000000000842980005000000000017702
00600005000000000000000096480000000002206610005000000000046339
00600005000000000000000096490000000001195870005000000000025113
00600005000000000000000096500000000000198350005000000000004165
00100005000000000000000054740000000000173550005000000000003645
00600005000000000000000096510000000000347110005000000000007289
00600005000000000000000096520000000000137190005000000000002881
00600005000000000000000096530000000001586780005000000000033322
00600005000000000000000096540000000000099170005000000000002083
00600005000000000000000096550000000000586780005000000000012322
00600005000000000000000096560000000001504130005000000000031587
00600005000000000000000096570000000000105790005000000000002221
00600005000000000000000096580000000000132230005000000000002777
00100005000000000000000054750000000000528920005000000000011107
00100005000000000000000054760000000013470890005000000000282889
00100005000000000000000054770000000019273300005000000000404739
00100005000000000000000054780000000031119790005000000000653516
00600005000000000000000096590000000002809920005000000000059008
00600005000000000000000096600000000002644630005000000000055537
00600005000000000000000096610000000000049590005000000000001041
00600005000000000000000096620000000000132230005000000000002777
00600005000000000000000096630000000001283970005000000000026963
00600005000000000000000096640000000001772730005000000000037227
00600005000000000000000096650000000006181820005000000000129818
00600005000000000000000096660000000000743800005000000000015620
00100005000000000000000054790000000000471070005000000000009892
00600005000000000000000096670000000002066120005000000000043388
00600005000000000000000096680000000001254380005000000000026342
00600005000000000000000096690000000000706610005000000000014839
00600005000000000000000096700000000000080330005000000000001687
00600005000000000000000096710000000000300000005000000000006300
00600005000000000000000096720000000000578510005000000000012149
00600005000000000000000096730000000001322310005000000000027769
00600005000000000000000096740000000000738840005000000000015516
00600005000000000000000096750000000000041320005000000000000868
00100005000000000000000054800000000000752190005000000000015796
00600005000000000000000096760000000002066120005000000000043388
00600005000000000000000096770000000001223140005000000000025686
00600005000000000000000096780000000000793390005000000000016661
00600005000000000000000096790000000000669420005000000000014058
00600005000000000000000096800000000000809920005000000000017008
00600005000000000000000096810000000000793390005000000000016661
00600005000000000000000096820000000000256200005000000000005380
00600005000000000000000096830000000002745290005000000000057651
00600005000000000000000096840000000001305790005000000000027421
00600005000000000000000096850000000000911570005000000000019143
00600005000000000000000096860000000001103800005000000000023180
00600005000000000000000096870000000001487600005000000000031240
00600005000000000000000096880000000000132230005000000000002777
00600005000000000000000096890000000002128100005000000000044690
00600005000000000000000096900000000000132230005000000000002777
00600005000000000000000096910000000001322310005000000000027769
00600005000000000000000096920000000002438840005000000000051216
00600005000000000000000096930000000001570910005000000000032989
00100006000000000000000001620000000008000000005000000000168000
00100006000000000000000001630000000026250000005000000000551250
00100006000000000000000001640000000025000000005000000000525000
00100006000000000000000001650000000040044000005000000000840924
00100006000000000000000001660000000011000000005000000000231000
00100006000000000000000001670000000034500000005000000000724500
00100005000000000000000054810000000007840560005000000000164652
00100005000000000000000054820000000001520640005000000000031933
00600005000000000000000096940000000001854550005000000000038945
00600005000000000000000096950000000000099170005000000000002083
00600005000000000000000096960000000000165290005000000000003471
00600005000000000000000096970000000006198350005000000000130165
00600005000000000000000096980000000000413220005000000000008678
00600005000000000000000096990000000000268600005000000000005640
00600005000000000000000097000000000000537180005000000000011281
00600005000000000000000097010000000004028930005000000000084607
00600005000000000000000097020000000001459830005000000000030657
00100005000000000000000054830000000001156450005000000000024285
00100005000000000000000054840000000001921500005000000000040352
00100005000000000000000054850000000001322300005000000000027768
00600005000000000000000097030000000001796690005000000000037731
00600005000000000000000097040000000000660170005000000000013863
00600005000000000000000097050000000002454550005000000000051545
00600005000000000000000097060000000000396690005000000000008331
00600005000000000000000097070000000000597520005000000000012548
00600005000000000000000097080000000000132230005000000000002777
00600005000000000000000097090000000000157020005000000000003298
00600005000000000000000097100000000000128100005000000000002690
00600005000000000000000097110000000002151240005000000000045176
00600005000000000000000097120000000001716530005000000000036047
00100005000000000000000054860000000000471060005000000000009892
00600005000000000000000097130000000003594480005000000000075484
00600005000000000000000097140000000000357850005000000000007515
00600005000000000000000097150000000000681820005000000000014318
00600005000000000000000097160000000000285120005000000000005988
00600005000000000000000097170000000000520660005000000000010934
00600005000000000000000097180000000000413220005000000000008678
00600005000000000000000097190000000001442980005000000000030302
00600005000000000000000097200000000001694210005000000000035579
00600005000000000000000097210000000000028930005000000000000607
00600005000000000000000097220000000001479340005000000000031066
00600005000000000000000097230000000002771570005000000000058203
00600005000000000000000097240000000000334710005000000000007029
00100005000000000000000054870000000026116000005000000000548436
00100005000000000000000054880000000000644640005000000000013537
00100005000000000000000054890000000000528920005000000000011107
00600005000000000000000097250000000002454550005000000000051545
00600005000000000000000097260000000003218180005000000000067582
00600005000000000000000097270000000003760330005000000000078967
00600005000000000000000097280000000001899170005000000000039883
00600005000000000000000097290000000001247360005000000000026194
00600005000000000000000097300000000003766120005000000000079088
00600005000000000000000097310000000000396690005000000000008331
00600005000000000000000097320000000000298350005000000000006265
00600005000000000000000097330000000000657020005000000000013798
00600005000000000000000097340000000002940250005000000000061745
00600005000000000000000097350000000000703640005000000000014776
00600005000000000000000097360000000000528930005000000000011107
00600005000000000000000097370000000000520660005000000000010934
00600005000000000000000097380000000002660170005000000000055863
00600005000000000000000097390000000000454550005000000000009545
00100005000000000000000054900000000001239650005000000000026033
00600005000000000000000097400000000001876030005000000000039397
00600005000000000000000097410000000000454550005000000000009545
00600005000000000000000097420000000000322310005000000000006769
00600005000000000000000097430000000012892560005000000000270744
00600005000000000000000097440000000000191740005000000000004026
00600005000000000000000097450000000000830580005000000000017442
00600005000000000000000097460000000001388430005000000000029157
00600005000000000000000097470000000001432230005000000000030077
00600005000000000000000097480000000000099170005000000000002083
00100005000000000000000054910000000001322320005000000000027769
00100005000000000000000054920000000049175000005000000001032675
00100005000000000000000054930000000000082590005000000000001734
00600005000000000000000097490000000001239670005000000000026033
00600005000000000000000097500000000000483470005000000000010153
00600005000000000000000097510000000000592560005000000000012444
00600005000000000000000097520000000001851240005000000000038876
00600005000000000000000097530000000001260330005000000000026467
00600005000000000000000097540000000001909090005000000000040091
00600005000000000000000097550000000000475210005000000000009979
00600005000000000000000097560000000004958680005000000000104132
00600005000000000000000097570000000000764460005000000000016054
00600005000000000000000097580000000000628100005000000000013190
00600005000000000000000097590000000001528930005000000000032107
00600005000000000000000097600000000002303550005000000000048375
00100005000000000000000054940000000000844320005000000000017731
00100005000000000000000054950000000001254540005000000000026345
00600005000000000000000097610000000003538840005000000000074316
00600005000000000000000097620000000002173550005000000000045645
00600005000000000000000097630000000000066120005000000000001388
00600005000000000000000097640000000002657020005000000000055798
00600005000000000000000097650000000001567770005000000000032923
00600005000000000000000097660000000000264460005000000000005554
00600005000000000000000097670000000000264460005000000000005554
00600005000000000000000097680000000001209920005000000000025408
00100005000000000000000054960000000003163970005000000000066443
00100005000000000000000054970000000000297530005000000000006248
00100005000000000000000054980000000001624000005000000000034104
00100005000000000000000054990000000000133880005000000000002811
00600005000000000000000097690000000000034710005000000000000729
00600005000000000000000097700000000000214880005000000000004512
00600005000000000000000097710000000000661160005000000000013884
00600005000000000000000097720000000000570250005000000000011975
00600005000000000000000097730000000000915700005000000000019230
00600005000000000000000097740000000015371900005000000000322810
00600005000000000000000097750000000000909090005000000000019091
00600005000000000000000097760000000000136360005000000000002864
00600005000000000000000097770000000000396690005000000000008331
00600005000000000000000097780000000000760330005000000000015967
00600005000000000000000097790000000000367770005000000000007723
00600005000000000000000097800000000000346280005000000000007272
00600005000000000000000097810000000000925620005000000000019438
00600005000000000000000097820000000000917360005000000000019264
00600005000000000000000097830000000001384300005000000000029070
00100005000000000000000055000000000001790130005000000000037593
00100005000000000000000055010000000005637980005000000000118398
00600005000000000000000097840000000000066120005000000000001388
00600005000000000000000097850000000001650250005000000000034655
00600005000000000000000097860000000010882640005000000000228536
00600005000000000000000097870000000003966940005000000000083306
00600005000000000000000097880000000001698350005000000000035665
00600005000000000000000097890000000000619830005000000000013017
00600005000000000000000097900000000001231400005000000000025860
00600005000000000000000097910000000000049590005000000000001041
00600005000000000000000097920000000002561980005000000000053802
00600005000000000000000097930000000003285120005000000000068988
00600005000000000000000097940000000000471070005000000000009893
00600005000000000000000097950000000000495870005000000000010413
00600005000000000000000097960000000000661160005000000000013884
00600005000000000000000097970000000007024790005000000000147521
00600005000000000000000097980000000001971070005000000000041393
00600005000000000000000097990000000002319830005000000000048717
00600005000000000000000098000000000001082640005000000000022736
00100005000000000000000055020000000002644600005000000000055537
00100005000000000000000055030000000001876000005000000000039396
00600005000000000000000098010000000000132230005000000000002777
00600005000000000000000098020000000000198350005000000000004165
00600005000000000000000098030000000003849590005000000000080841
00600005000000000000000098040000000000128100005000000000002690
00600005000000000000000098050000000000793390005000000000016661
00600005000000000000000098060000000000231400005000000000004860
00600005000000000000000098070000000000690080005000000000014492
00600005000000000000000098080000000000161160005000000000003384
00600005000000000000000098090000000002261980005000000000047502
00600005000000000000000098100000000001800170005000000000037803
00600005000000000000000098110000000000259500005000000000005450
00600005000000000000000098120000000000095040005000000000001996
00600005000000000000000098130000000000454550005000000000009545
00600005000000000000000098140000000000800660005000000000016814
00600005000000000000000098150000000002009750005000000000042205
00600005000000000000000098160000000003697520005000000000077648
00600005000000000000000098170000000004010580005000000000084222
00600005000000000000000098180000000002809920005000000000059008
00600005000000000000000098190000000000161160005000000000003384
00600005000000000000000098200000000000078510005000000000001649
00600005000000000000000098210000000001611570005000000000033843
00600005000000000000000098220000000001876030005000000000039397
00100005000000000000000055040000000000421490005000000000008851
00100005000000000000000055050000000000198340005000000000004165
00600005000000000000000098230000000003305790005000000000069421
00600005000000000000000098240000000003842980005000000000080702
00600005000000000000000098250000000001611240005000000000033836
00600005000000000000000098260000000000950410005000000000019959
00600005000000000000000098270000000000562810005000000000011819
00600005000000000000000098280000000000247930005000000000005207
00600005000000000000000098290000000001462150005000000000030705
00600005000000000000000098300000000000132230005000000000002777
00600005000000000000000098310000000001256200005000000000026380
00100005000000000000000055060000000000132230005000000000002777
00100005000000000000000055070000000001884300005000000000039570
00600005000000000000000098320000000001190080005000000000024992
00600005000000000000000098330000000000661160005000000000013884
00600005000000000000000098340000000001859500005000000000039050
00600005000000000000000098350000000000396690005000000000008331
00600005000000000000000098360000000004052070005000000000085093
00600005000000000000000098370000000000210740005000000000004426
00600005000000000000000098380000000000378510005000000000007949
00600005000000000000000098390000000000400830005000000000008417
00600005000000000000000098400000000000262810005000000000005519
00600005000000000000000098410000000001008260005000000000021174
00100005000000000000000055080000000001256200005000000000026380
00100005000000000000000055090000000000132230005000000000002777
00100005000000000000000055100000000002454550005000000000051546
00600005000000000000000098420000000000573060005000000000012034
00600005000000000000000098430000000000923120005000000000019386
00600005000000000000000098440000000002975210005000000000062479
00600005000000000000000098450000000000454550005000000000009545
00600005000000000000000098460000000002413220005000000000050678
00600005000000000000000098470000000003305790005000000000069421
00600005000000000000000098480000000003056530005000000000064187
00600005000000000000000098490000000000793390005000000000016661
00600005000000000000000098500000000000561980005000000000011802
00100005000000000000000055110000000000446270005000000000009372
00100005000000000000000055120000000000318180005000000000006682
00100005000000000000000055130000000000367730005000000000007722
00600005000000000000000098510000000001334710005000000000028029
00600005000000000000000098520000000000264460005000000000005554
00600005000000000000000098530000000000243800005000000000005120
00600005000000000000000098540000000000785120005000000000016488
00600005000000000000000098550000000003462810005000000000072719
00600005000000000000000098560000000000264460005000000000005554
00600005000000000000000098570000000002239260005000000000047024
00600005000000000000000098580000000001954550005000000000041045
00600005000000000000000098590000000003437190005000000000072181
00100005000000000000000055140000000017235940005000000000361955
00100005000000000000000055150000000009381440005000000000197010
00100005000000000000000055160000000009194250005000000000193079
00100005000000000000000055170000000010204880005000000000214302
00600005000000000000000098600000000000376030005000000000007897
00600005000000000000000098610000000000206610005000000000004339
00600005000000000000000098620000000000776360005000000000016304
00600005000000000000000098630000000001551900005000000000032590
00600005000000000000000098640000000001195040005000000000025096
00600005000000000000000098650000000001119830005000000000023517
00600005000000000000000098660000000000848760005000000000017824
00600005000000000000000098670000000001398100005000000000029360
00600005000000000000000098680000000003892560005000000000081744
00600005000000000000000098690000000002731400005000000000057360
00600005000000000000000098700000000001636360005000000000034364
00600005000000000000000098710000000001204130005000000000025287
00100005000000000000000055180000000000132230005000000000002777
00100005000000000000000055190000000006611500005000000000138842
00100005000000000000000055200000000000595020005000000000012495
00600005000000000000000098720000000006945950005000000000145865
00600005000000000000000098730000000000825120005000000000017328
00600005000000000000000098740000000003719010005000000000078099
00600005000000000000000098750000000000099170005000000000002083
00100005000000000000000055210000000001718640005000000000036091
00600005000000000000000098760000000000132230005000000000002777
00600005000000000000000098770000000000767770005000000000016123
00600005000000000000000098780000000001152890005000000000024211
00600005000000000000000098790000000000376030005000000000007897
00600005000000000000000098800000000001190080005000000000024992
00600005000000000000000098810000000000090910005000000000001909
00600005000000000000000098820000000002091240005000000000043916
00600005000000000000000098830000000001210740005000000000025426
00600005000000000000000098840000000000940410005000000000019749
00600005000000000000000098850000000000165290005000000000003471
00600005000000000000000098860000000000944630005000000000019837
00600005000000000000000098870000000000148760005000000000003124
