00600002000000000000000088350000000000289260005000000000006074
00600002000000000000000088360000000000727270005000000000015273
00600002000000000000000088370000000001157020005000000000024298
00600002000000000000000088380000000000371900005000000000007810
00600002000000000000000088390000000000702480005000000000014752
00600002000000000000000088400000000000214880005000000000004512
00600002000000000000000088410000000000619830005000000000013017
00600002000000000000000088420000000000305790005000000000006421
00600002000000000000000088430000000000561980005000000000011802
00600002000000000000000088440000000002210740005000000000046426
00600002000000000000000088450000000002210740005000000000046426
00600002000000000000000088460000000000570250005000000000011975
00600002000000000000000088470000000000528930005000000000011107
00600002000000000000000088480000000000322310005000000000006769
00600002000000000000000088490000000001685950005000000000035405
00600002000000000000000088500000000003148760005000000000066124
00600002000000000000000088510000000001280990005000000000026901
00600002000000000000000088520000000001528930005000000000032107
00600002000000000000000088530000000000404960005000000000008504
00600002000000000000000088540000000000404960005000000000008504
00600002000000000000000088550000000000958680005000000000020132
00600002000000000000000088560000000000702480005000000000014752
00600002000000000000000088570000000000991740005000000000020826
00600002000000000000000088580000000000776860005000000000016314
00600002000000000000000088590000000000396690005000000000008331
00600002000000000000000088600000000000818180005000000000017182
00600002000000000000000088610000000000371900005000000000007810
00600002000000000000000088620000000000991740005000000000020826
00600002000000000000000088630000000000520660005000000000010934
00600002000000000000000088640000000001280990005000000000026901
00600002000000000000000088650000000001404960005000000000029504
00600002000000000000000088660000000001033060005000000000021694
00600002000000000000000088670000000001404960005000000000029504
00600002000000000000000088680000000000652890005000000000013711
00600002000000000000000088690000000000173550005000000000003645
00600002000000000000000088700000000000801650005000000000016835
00600002000000000000000088710000000000371900005000000000007810
00600002000000000000000088720000000000144630005000000000003037
00600002000000000000000088730000000000764460005000000000016054
00600002000000000000000088740000000000198350005000000000004165
00600002000000000000000088750000000000537190005000000000011281
00600002000000000000000088760000000000867770005000000000018223
00600002000000000000000088770000000000785120005000000000016488
00600002000000000000000088780000000000805790005000000000016921
00600002000000000000000088790000000000735540005000000000015446
00600002000000000000000088800000000000396690005000000000008331
00600002000000000000000088810000000000818180005000000000017182
00600002000000000000000088820000000001297520005000000000027248
00600002000000000000000088830000000000991740005000000000020826
00600002000000000000000088840000000000619830005000000000013017
00600002000000000000000088850000000000148760005000000000003124
00600002000000000000000088860000000000392560005000000000008244
00600002000000000000000088870000000000702480005000000000014752
00600002000000000000000088880000000001033060005000000000021694
00600002000000000000000088890000000001239670005000000000026033
00600002000000000000000088900000000000991740005000000000020826
00600002000000000000000088910000000000371900005000000000007810
00600002000000000000000088920000000001363640005000000000028636
00600002000000000000000088930000000000371900005000000000007810
00600002000000000000000088940000000000396690005000000000008331
00600002000000000000000088950000000000247930005000000000005207
00600002000000000000000088960000000000107440005000000000002256
00600002000000000000000088970000000000371900005000000000007810
00600002000000000000000088980000000001095040005000000000022996
00600002000000000000000088990000000000363640005000000000007636
00600002000000000000000089000000000000322310005000000000006769
00600002000000000000000089010000000000727270005000000000015273
00600002000000000000000089020000000000661160005000000000013884
00600002000000000000000089030000000000289260005000000000006074
00600002000000000000000089040000000000396690005000000000008331
00600002000000000000000089050000000001107440005000000000023256
00600002000000000000000089060000000000723140005000000000015186
00600002000000000000000089070000000001322310005000000000027769
00600002000000000000000089080000000000247930005000000000005207
00600002000000000000000089090000000001322310005000000000027769
00600002000000000000000089100000000000495870005000000000010413
00600002000000000000000089110000000000603310005000000000012669
00600002000000000000000089120000000001570250005000000000032975
00600002000000000000000089130000000001239670005000000000026033
00600002000000000000000089140000000000330580005000000000006942
00600002000000000000000089150000000000392560005000000000008244
00600002000000000000000089170000000000247930005000000000005207
00600002000000000000000089180000000000322310005000000000006769
00600002000000000000000089190000000000950410005000000000019959
00600002000000000000000089200000000000330580005000000000006942
00600002000000000000000089210000000001119830005000000000023517
00600002000000000000000089220000000002429750005000000000051025
00600002000000000000000089230000000000991740005000000000020826
00600002000000000000000089240000000000797520005000000000016748
00600002000000000000000089250000000000351240005000000000007376
00600002000000000000000089260000000000433880005000000000009112
00600002000000000000000089270000000000371900005000000000007810
00600002000000000000000089280000000000404960005000000000008504
00600002000000000000000089290000000003446280005000000000072372
00600002000000000000000089300000000000396690005000000000008331
00600002000000000000000089310000000001231400005000000000025860
00600002000000000000000089320000000001280990005000000000026901
00600002000000000000000089330000000001768600005000000000037140
00600002000000000000000089340000000000433880005000000000009112
00600002000000000000000089350000000001033060005000000000021694
00600002000000000000000089360000000000495870005000000000010413
00600002000000000000000089370000000000743800005000000000015620
00600002000000000000000089380000000000392560005000000000008244
00600002000000000000000089390000000000330580005000000000006942
00600002000000000000000089400000000000578510005000000000012149
00600002000000000000000089410000000000214880005000000000004512
00600002000000000000000089420000000000123970005000000000002603
00600002000000000000000089430000000000619830005000000000013017
00600002000000000000000089440000000000669420005000000000014058
00600002000000000000000089450000000000392560005000000000008244
00600002000000000000000089460000000000206610005000000000004339
00600002000000000000000089470000000001404960005000000000029504
00600002000000000000000089480000000000371900005000000000007810
00600002000000000000000089490000000000454550005000000000009545
00600002000000000000000089500000000000557850005000000000011715
00600002000000000000000089510000000000652890005000000000013711
00600002000000000000000089520000000000404960005000000000008504
00600002000000000000000089530000000000396690005000000000008331
00600002000000000000000089540000000000454550005000000000009545
00600002000000000000000089550000000000797520005000000000016748
00600002000000000000000089560000000000272730005000000000005727
00600002000000000000000089570000000000611570005000000000012843
00600002000000000000000089580000000000396690005000000000008331
00600002000000000000000089600000000002479340005000000000052066
00600002000000000000000089610000000000371900005000000000007810
00600002000000000000000089620000000000206610005000000000004339
00600002000000000000000089630000000000735540005000000000015446
00600002000000000000000089640000000001487600005000000000031240
00600002000000000000000089650000000000805790005000000000016921
00600002000000000000000089660000000000330580005000000000006942
00600002000000000000000089670000000000371900005000000000007810
00600002000000000000000089680000000000123970005000000000002603
00600002000000000000000089690000000001239670005000000000026033
00600002000000000000000089700000000000272730005000000000005727
00600002000000000000000089710000000000735540005000000000015446
00600002000000000000000089720000000000991740005000000000020826
00600002000000000000000089730000000000760330005000000000015967
00600002000000000000000089740000000000396690005000000000008331
00600002000000000000000089750000000000355370005000000000007463
00600002000000000000000089760000000000392560005000000000008244
00600002000000000000000089770000000000644630005000000000013537
00600002000000000000000089780000000000247930005000000000005207
00600002000000000000000089790000000000206610005000000000004339
00600002000000000000000089800000000002330580005000000000048942
00600002000000000000000089810000000000433880005000000000009112
00600002000000000000000089820000000001198350005000000000025165
00600002000000000000000089830000000000404960005000000000008504
00600002000000000000000089840000000001570250005000000000032975
00600002000000000000000089850000000000198350005000000000004165
00600002000000000000000089860000000001305790005000000000027421
00600002000000000000000089870000000000289260005000000000006074
00600002000000000000000089880000000000144630005000000000003037
00600002000000000000000089890000000000677690005000000000014231
00600002000000000000000089900000000000289260005000000000006074
00600002000000000000000089910000000001760330005000000000036967
00600002000000000000000089920000000000322310005000000000006769
00600002000000000000000089930000000001148760005000000000024124
00600002000000000000000089940000000000669420005000000000014058
00600002000000000000000089950000000000371900005000000000007810
00600002000000000000000089960000000002272730005000000000047727
00600002000000000000000089970000000003719010005000000000078099
00600002000000000000000089980000000000487600005000000000010240
00600002000000000000000089990000000000487600005000000000010240
00600002000000000000000090000000000001305790005000000000027421
00600002000000000000000090010000000000396690005000000000008331
00600002000000000000000090020000000000289260005000000000006074
00600002000000000000000090030000000002272730005000000000047727
00600002000000000000000090040000000000206610005000000000004339
00600002000000000000000090050000000000082640005000000000001736
00600002000000000000000090060000000000867770005000000000018223
00600002000000000000000090070000000000632230005000000000013277
00600002000000000000000090080000000001074380005000000000022562
00600002000000000000000090090000000000289260005000000000006074
00600002000000000000000090100000000000619830005000000000013017
00600002000000000000000090110000000000322310005000000000006769
00600002000000000000000090120000000000743800005000000000015620
00600002000000000000000090130000000000983470005000000000020653
00600002000000000000000090140000000000991740005000000000020826
00600002000000000000000090150000000001900830005000000000039917
00600002000000000000000090160000000001177690005000000000024731
00600002000000000000000090170000000002768600005000000000058140
00600002000000000000000090180000000000206610005000000000004339
00600002000000000000000090190000000001239670005000000000026033
00600002000000000000000090200000000002347110005000000000049289
00600002000000000000000090210000000001644630005000000000034537
00600002000000000000000090220000000000495870005000000000010413
00600002000000000000000090230000000000371900005000000000007810
00600002000000000000000090240000000000371900005000000000007810
00600002000000000000000090250000000000991740005000000000020826
00600002000000000000000090260000000000404960005000000000008504
00600002000000000000000090270000000000272730005000000000005727
00600002000000000000000090280000000000479340005000000000010066
00600002000000000000000090290000000000413220005000000000008678
00600002000000000000000090300000000000289260005000000000006074
00600002000000000000000090310000000001198350005000000000025165
00600002000000000000000090320000000000371900005000000000007810
00600002000000000000000090330000000000991740005000000000020826
00600002000000000000000090340000000000351240005000000000007376
00600002000000000000000090350000000000227270005000000000004773
00600002000000000000000090360000000001008260005000000000021174
00600002000000000000000090370000000000330580005000000000006942
00600002000000000000000090380000000000867770005000000000018223
00600002000000000000000090390000000000392560005000000000008244
00600002000000000000000090400000000000322310005000000000006769
00600002000000000000000090410000000001198350005000000000025165
00600002000000000000000090420000000000330580005000000000006942
00600002000000000000000090430000000000727270005000000000015273
00600002000000000000000090440000000000909090005000000000019091
00600002000000000000000090450000000000537190005000000000011281
00600002000000000000000090460000000001239670005000000000026033
00600002000000000000000090470000000000289260005000000000006074
00600002000000000000000090480000000000214880005000000000004512
00600002000000000000000090490000000000289260005000000000006074
00600002000000000000000090500000000000570250005000000000011975
00600002000000000000000090510000000000611570005000000000012843
00600002000000000000000090520000000000652890005000000000013711
00600002000000000000000090530000000000371900005000000000007810
00600002000000000000000090540000000000289260005000000000006074
00600002000000000000000090550000000001603310005000000000033669
00600002000000000000000090560000000000396690005000000000008331
00600002000000000000000090570000000000330580005000000000006942
00600002000000000000000090580000000000123970005000000000002603
00600002000000000000000090590000000000396690005000000000008331
00600002000000000000000090600000000000380170005000000000007983
00600002000000000000000090610000000000743800005000000000015620
00600002000000000000000090620000000000735540005000000000015446
00600002000000000000000090630000000000537190005000000000011281
00600002000000000000000090640000000000785120005000000000016488
00600002000000000000000090650000000000942150005000000000019785
00600002000000000000000090660000000000206610005000000000004339
00600002000000000000000090670000000001198350005000000000025165
00600002000000000000000090680000000000541320005000000000011368
00600002000000000000000090690000000000454550005000000000009545
00600002000000000000000090700000000000454550005000000000009545
00600002000000000000000090710000000000330580005000000000006942
00600002000000000000000090720000000000082640005000000000001736
00600002000000000000000090730000000000433880005000000000009112
00600002000000000000000090740000000000289260005000000000006074
00600002000000000000000090750000000000247930005000000000005207
00600002000000000000000090760000000000396690005000000000008331
00600002000000000000000090770000000000206610005000000000004339
00600002000000000000000090780000000001280990005000000000026901
00600002000000000000000090790000000000231400005000000000004860
00600002000000000000000090800000000000909090005000000000019091
00600002000000000000000090810000000000818180005000000000017182
00600002000000000000000090820000000001239670005000000000026033
00600002000000000000000090830000000000909090005000000000019091
00600002000000000000000090840000000001066120005000000000022388
00600002000000000000000090850000000000698350005000000000014665
00600002000000000000000090860000000000570250005000000000011975
00600002000000000000000090870000000000165290005000000000003471
00600002000000000000000090880000000001900830005000000000039917
00600002000000000000000090890000000001958680005000000000041132
00600002000000000000000090900000000001280990005000000000026901
00600002000000000000000090910000000000165290005000000000003471
00600002000000000000000090920000000000694210005000000000014579
00600002000000000000000090930000000000090910005000000000001909
00600002000000000000000090940000000000983470005000000000020653
00600002000000000000000090950000000000074380005000000000001562
00600002000000000000000090960000000000322310005000000000006769
00600002000000000000000090970000000000247930005000000000005207
00600002000000000000000090980000000000371900005000000000007810
00600002000000000000000090990000000000661160005000000000013884
00600002000000000000000091000000000001033060005000000000021694
00600002000000000000000091010000000000818180005000000000017182
00600002000000000000000091020000000000371900005000000000007810
00600002000000000000000091030000000000392560005000000000008244
00600002000000000000000091040000000000805790005000000000016921
00600002000000000000000091050000000000330580005000000000006942
00600002000000000000000091060000000000309920005000000000006508
00600002000000000000000091070000000000309920005000000000006508
00600002000000000000000091080000000001041320005000000000021868
00600002000000000000000091090000000000611570005000000000012843
00600002000000000000000091100000000000074380005000000000001562
00600002000000000000000091110000000000991740005000000000020826
00600002000000000000000091120000000000702480005000000000014752
00600002000000000000000091130000000000322310005000000000006769
00600002000000000000000091140000000000326450005000000000006855
00600002000000000000000091150000000000330580005000000000006942
00600002000000000000000091160000000000826450005000000000017355
00600002000000000000000091170000000000818180005000000000017182
00600002000000000000000091180000000000322310005000000000006769
00600002000000000000000091190000000000909090005000000000019091
00600002000000000000000091200000000000330580005000000000006942
00600002000000000000000091210000000000454550005000000000009545
00600002000000000000000091220000000000314050005000000000006595
00600002000000000000000091230000000000909090005000000000019091
00600002000000000000000091240000000000371900005000000000007810
00600002000000000000000091250000000000396690005000000000008331
00600002000000000000000091260000000000867770005000000000018223
00600002000000000000000091270000000001314050005000000000027595
00600002000000000000000091280000000000371900005000000000007810
00600002000000000000000091290000000000495870005000000000010413
00600002000000000000000091300000000001322310005000000000027769
00600002000000000000000091310000000000743800005000000000015620
00600002000000000000000091320000000001487600005000000000031240
00600002000000000000000091330000000000661160005000000000013884
00600002000000000000000091340000000000661160005000000000013884
00600002000000000000000091350000000001157020005000000000024298
00600002000000000000000091360000000000206610005000000000004339
00600002000000000000000091370000000000289260005000000000006074
00600002000000000000000091380000000000454550005000000000009545
00600002000000000000000091390000000000991740005000000000020826
00600002000000000000000091400000000000991740005000000000020826
00600002000000000000000091410000000000371900005000000000007810
00600002000000000000000091420000000000900830005000000000018917
00600002000000000000000091430000000000735540005000000000015446
00600002000000000000000091440000000001280990005000000000026901
00600002000000000000000091450000000000500000005000000000010500
00600002000000000000000091460000000000289260005000000000006074
00600002000000000000000091470000000000433880005000000000009112
00600002000000000000000091480000000000289260005000000000006074
00600002000000000000000091490000000000206610005000000000004339
00600002000000000000000091500000000000123970005000000000002603
00600002000000000000000091510000000000702480005000000000014752
00600002000000000000000091520000000001276860005000000000026814
00600002000000000000000091530000000000595040005000000000012496
00600002000000000000000091540000000000702480005000000000014752
00600002000000000000000091550000000000487600005000000000010240
00600002000000000000000091560000000000371900005000000000007810
00600002000000000000000091570000000000702480005000000000014752
00600002000000000000000091580000000000371900005000000000007810
00600002000000000000000091600000000000380170005000000000007983
00600002000000000000000091610000000000652890005000000000013711
00600002000000000000000091620000000000371900005000000000007810
00600002000000000000000091630000000000392560005000000000008244
00600002000000000000000091640000000000247930005000000000005207
00600002000000000000000091650000000000371900005000000000007810
00600002000000000000000091660000000003925620005000000000082438
00600002000000000000000091670000000002049590005000000000043041
00600002000000000000000091680000000000909090005000000000019091
00600002000000000000000091690000000000433880005000000000009112
00600002000000000000000091700000000000652890005000000000013711
00600002000000000000000091710000000000652890005000000000013711
00600002000000000000000091720000000000198350005000000000004165
00600002000000000000000091730000000003214880005000000000067512
00600002000000000000000091740000000000404960005000000000008504
00600002000000000000000091750000000003719010005000000000078099
00600002000000000000000091760000000000652890005000000000013711
00600002000000000000000091770000000001727270005000000000036273
00600002000000000000000091780000000000735540005000000000015446
00600002000000000000000091790000000001566120005000000000032888
00600002000000000000000091800000000000909090005000000000019091
00600002000000000000000091810000000000537190005000000000011281
00600002000000000000000091820000000000396690005000000000008331
00600002000000000000000091830000000000371900005000000000007810
00600002000000000000000091840000000001115700005000000000023430
00600002000000000000000091850000000000652890005000000000013711
00600002000000000000000091860000000001487600005000000000031240
00600002000000000000000091870000000000652890005000000000013711
00600002000000000000000091880000000000371900005000000000007810
00600002000000000000000091890000000001297520005000000000027248
00600002000000000000000091900000000000289260005000000000006074
00600002000000000000000091910000000001884300005000000000039570
00600002000000000000000091920000000003661160005000000000076884
00600002000000000000000091930000000001053720005000000000022128
00600002000000000000000091940000000000516530005000000000010847
00600002000000000000000091950000000001049590005000000000022041
00600002000000000000000091960000000000545450005000000000011455
00600002000000000000000091970000000000330580005000000000006942
00600002000000000000000091980000000001033060005000000000021694
00600002000000000000000091990000000001322310005000000000027769
00600002000000000000000092000000000000413220005000000000008678
00600002000000000000000092010000000000702480005000000000014752
00600002000000000000000092020000000000371900005000000000007810
00600002000000000000000092030000000000247930005000000000005207
00600002000000000000000092040000000000834710005000000000017529
00600002000000000000000092050000000000371900005000000000007810
00600002000000000000000092060000000000231400005000000000004860
00600002000000000000000092070000000000392560005000000000008244
00600002000000000000000092080000000000578510005000000000012149
00600002000000000000000092090000000000041320005000000000000868
00600002000000000000000092100000000000289260005000000000006074
00600002000000000000000092110000000000413220005000000000008678
00600002000000000000000092120000000000619830005000000000013017
00600002000000000000000092130000000000396690005000000000008331
00600002000000000000000092140000000000198350005000000000004165
00600002000000000000000092150000000000206610005000000000004339
00600002000000000000000092160000000000727270005000000000015273
00600002000000000000000092170000000001305790005000000000027421
00600002000000000000000092180000000000371900005000000000007810
00600002000000000000000092190000000000702480005000000000014752
00600002000000000000000092200000000000258260005000000000005424
00600002000000000000000092210000000000258260005000000000005424
00600002000000000000000092220000000000578510005000000000012149
00600002000000000000000092230000000000652890005000000000013711
00600002000000000000000092240000000000652890005000000000013711
00600002000000000000000092250000000000322310005000000000006769
00600002000000000000000092260000000000413220005000000000008678
00600002000000000000000092270000000001223140005000000000025686
00600002000000000000000092280000000000818180005000000000017182
00600002000000000000000092290000000000900830005000000000018917
00600002000000000000000092300000000000392560005000000000008244
00600002000000000000000092310000000000396690005000000000008331
00600002000000000000000092320000000000644630005000000000013537
00600002000000000000000092330000000000330580005000000000006942
00600002000000000000000092340000000000371900005000000000007810
00600002000000000000000092350000000000661160005000000000013884
00600002000000000000000092360000000000652890005000000000013711
00600002000000000000000092370000000000413220005000000000008678
00600002000000000000000092380000000000950410005000000000019959
00600002000000000000000092390000000000396690005000000000008331
00600002000000000000000092400000000000454550005000000000009545
00600002000000000000000092410000000000247930005000000000005207
00600002000000000000000092420000000000495870005000000000010413
00600002000000000000000092440000000000404960005000000000008504
00600002000000000000000092450000000000322310005000000000006769
00600002000000000000000092460000000000272730005000000000005727
00600002000000000000000092470000000000404960005000000000008504
00600002000000000000000092480000000001280990005000000000026901
00600002000000000000000092490000000000702480005000000000014752
00600002000000000000000092500000000000165290005000000000003471
00600002000000000000000092510000000001859500005000000000039050
00600002000000000000000092520000000000909090005000000000019091
00600002000000000000000092530000000001561980005000000000032802
00600002000000000000000092540000000001859500005000000000039050
00600002000000000000000092550000000000355370005000000000007463
00600002000000000000000092560000000000743800005000000000015620
00600002000000000000000092570000000000185950005000000000003905
00600002000000000000000092580000000000289260005000000000006074
00600002000000000000000092590000000000942150005000000000019785
00600002000000000000000092600000000001256200005000000000026380
00600002000000000000000092610000000000909090005000000000019091
00600002000000000000000092620000000000347110005000000000007289
00600002000000000000000092630000000000082640005000000000001736
00600002000000000000000092640000000000433880005000000000009112
00600002000000000000000092650000000000640500005000000000013450
00600002000000000000000092660000000000479340005000000000010066
00600002000000000000000092670000000000123970005000000000002603
00600002000000000000000092680000000000185950005000000000003905
00600002000000000000000092690000000000702480005000000000014752
00600002000000000000000092700000000000322310005000000000006769
00600002000000000000000092710000000000371900005000000000007810
00600002000000000000000092720000000000702480005000000000014752
00600002000000000000000092730000000001190080005000000000024992
00600002000000000000000092740000000000942150005000000000019785
00600002000000000000000092750000000001198350005000000000025165
00600002000000000000000092760000000002045450005000000000042955
00600002000000000000000092770000000000289260005000000000006074
00600002000000000000000092780000000003421490005000000000071851
00600002000000000000000092790000000003595040005000000000075496
00600002000000000000000092800000000003033060005000000000063694
00600002000000000000000092810000000000289260005000000000006074
00600002000000000000000092820000000000206610005000000000004339
00600002000000000000000092830000000000520660005000000000010934
00600002000000000000000092840000000001214880005000000000025512
00600002000000000000000092850000000002016530005000000000042347
00600002000000000000000092860000000000371900005000000000007810
00600002000000000000000092870000000000950410005000000000019959
00600002000000000000000092880000000000371900005000000000007810
00600002000000000000000092890000000000991740005000000000020826
00600002000000000000000092900000000000652890005000000000013711
00600002000000000000000092910000000001033060005000000000021694
00600002000000000000000092920000000000289260005000000000006074
00600002000000000000000092930000000000392560005000000000008244
00600002000000000000000092940000000000578510005000000000012149
00600002000000000000000092950000000000396690005000000000008331
00600002000000000000000092970000000000859500005000000000018050
00600002000000000000000092980000000000570250005000000000011975
00600002000000000000000093000000000000289260005000000000006074
00600002000000000000000093010000000000165290005000000000003471
00600002000000000000000093020000000001487600005000000000031240
00600002000000000000000093030000000000900830005000000000018917
00600002000000000000000093040000000000603310005000000000012669
00600002000000000000000093050000000000454550005000000000009545
00600002000000000000000093060000000001074380005000000000022562
00600002000000000000000093070000000000247930005000000000005207
00600002000000000000000093080000000000950410005000000000019959
00600002000000000000000093090000000001280990005000000000026901
00600002000000000000000093100000000000404960005000000000008504
00600002000000000000000093110000000000768600005000000000016140
00600002000000000000000093120000000000570250005000000000011975
00600002000000000000000093130000000000223140005000000000004686
00600002000000000000000093140000000001004130005000000000021087
00600002000000000000000093150000000000239670005000000000005033
00600002000000000000000093160000000001107440005000000000023256
00600002000000000000000093170000000000454550005000000000009545
00600002000000000000000093180000000000942150005000000000019785
00600002000000000000000093190000000001012400005000000000021260
00600002000000000000000093200000000000991740005000000000020826
00600002000000000000000093210000000000371900005000000000007810
00600002000000000000000093220000000000396690005000000000008331
00600002000000000000000093230000000001487600005000000000031240
00600002000000000000000093240000000000330580005000000000006942
00600002000000000000000093250000000001322310005000000000027769
00600002000000000000000093260000000001611570005000000000033843
00600002000000000000000093270000000000487600005000000000010240
00600002000000000000000093280000000000206610005000000000004339
00600002000000000000000093290000000000289260005000000000006074
00600002000000000000000093300000000001694210005000000000035579
00600002000000000000000093310000000000950410005000000000019959
00600002000000000000000093320000000000433880005000000000009112
00600002000000000000000093330000000000826450005000000000017355
00600002000000000000000093340000000004049590005000000000085041
00600002000000000000000093350000000003223140005000000000067686
00600002000000000000000093360000000003880170005000000000081483
00600002000000000000000093370000000004000000005000000000084000
00600002000000000000000093380000000001446280005000000000030372
00600002000000000000000093390000000001033060005000000000021694
00600002000000000000000093400000000000371900005000000000007810
00600002000000000000000093410000000001280990005000000000026901
00600002000000000000000093420000000000330580005000000000006942
00600002000000000000000093430000000001652890005000000000034711
00600002000000000000000093440000000001611570005000000000033843
00600002000000000000000093450000000000247930005000000000005207
00600002000000000000000093460000000000652890005000000000013711
00600002000000000000000093470000000000322310005000000000006769
00600002000000000000000093480000000001363640005000000000028636
00600002000000000000000093490000000000702480005000000000014752
00600002000000000000000093500000000000371900005000000000007810
00600002000000000000000093510000000001280990005000000000026901
00600002000000000000000093520000000000537190005000000000011281
00600002000000000000000093530000000000785120005000000000016488
00600002000000000000000093540000000000991740005000000000020826
00600002000000000000000093550000000000909090005000000000019091
00600002000000000000000093560000000000082640005000000000001736
00600002000000000000000093570000000000289260005000000000006074
00600002000000000000000093580000000001301650005000000000027335
00600002000000000000000093590000000000396690005000000000008331
00600002000000000000000093600000000000975210005000000000020479
00100002000000000000000000650000000001487600005000000000031240
00600002000000000000000093610000000000942150005000000000019785
00600002000000000000000093620000000000909090005000000000019091
00600002000000000000000093630000000000578510005000000000012149
00600002000000000000000093640000000000413220005000000000008678
00600002000000000000000093650000000000619830005000000000013017
00600002000000000000000093660000000000867770005000000000018223
00600002000000000000000093670000000000652890005000000000013711
00600002000000000000000093680000000000702480005000000000014752
00600002000000000000000093690000000000909090005000000000019091
00600002000000000000000093700000000000619830005000000000013017
00600002000000000000000093710000000000330580005000000000006942
00600002000000000000000093720000000000289260005000000000006074
00600002000000000000000093730000000000785120005000000000016488
00600002000000000000000093740000000000652890005000000000013711
00600002000000000000000093750000000000239670005000000000005033
00600002000000000000000093760000000000392560005000000000008244
00600002000000000000000093770000000001115700005000000000023430
