001000010000000000002015120480000000000335371860090000000000306030005000000000006427
001000010000000000020151204180000000000335371860090000000000000590004000000000000006
001000130000000000000012479680000000000305358963790000000015915990005000000000334236
001000690000000000000001208780000000000306446859060000000000145460005000000000003055
001000710000000000000000516680000000000306446859060000000000325610005000000000006838
001000690000000000000001192280000000000306446859060000000000371070005000000000007793
001000690000000000000001199680000000000306446859060000000000278530005000000000005849
001000690000000000000001182580000000000306446859060000000000207850005000000000004365
001000710000000000000000501780000000000306446859060000000000185960005000000000003905
001000690000000000000001204380000000000306446859060000000000281010005000000000005901
001000060000000000000004327280000000000307074949440000000001231600005000000000025863
001000060000000000000004375080000000000307074949440000000001703750005000000000035779
003000060000000000000000255880000000000307074949440000000000628570005000000000013200
001000060000000000000004345580000000000307074949440000000001368850005000000000028746
003000060000000000000000253280000000000307074949440000000000142850005000000000003000
001000060000000000000004307680000000000307074949440000000000191850005000000000004029
001000060000000000000004299580000000000307074949440000000002953980005000000000062033
001000100000000000000000013880000000000306813303010000000000696350005000000000014623
001000150000000000000002371080000000000306813303010000000000931960005000000000019571
001000010000000000000000874480000000000307124342400000000002053290005000000000043119
001000010000000000000000862280000000000307124342400000000001032980005000000000021692
001000110000000000000011736580000000000307074070060000000007162780005000000000150418
001000110000000000000011736480000000000307074070060000000005926720005000000000124461
001000110000000000000011736680000000000307074070060000000001300050005000000000027301
001000360000000000000001200180000000000305640667840000000001070600005000000000022483
001000360000000000000001200280000000000305640667840000000000606450005000000000012735
003000360000000000000000201780000000000305640667840000000000404290005000000000008490
003000360000000000000000200380000000000305640667840000000000509820005000000000010706
001000360000000000000001188680000000000305640667840000000007765560005000000000163077
001000030000000000000002740280000000000336800218190000000002192480005000000000046042
001000030000000000000002737680000000000336800218190000000001869240005000000000039254
001000020000000000000000642980000000000336476328290000000000347050005000000000007288
001000020000000000000000642880000000000336476328290000000001039900005000000000021838
001000020000000000000000684680000000000336476328290000000000347050005000000000007288
001001110000000000000002248580000000000335027342590000000006187350005000000000129934
001001110000000000000002431880000000000335027342590000000010870110005000000000228272
001000050000000000000000094680000000000307089949400000000018909340005000000000397096
001000020000000000000002068780000000000306754074160000000004348380005000000000091316
001000010000000000000004986680000000000307089049840000000010424900005000000000218923
001000020000000000000001451380000000000307095176900000000003899560005000000000081891
001000040000000000000000512180000000000305554272270000000002364210005000000000049649
001000010000000000000009172680000000000336731757890000000002939690005000000000061734
001000010000000000000009172580000000000336731757890000000004765670005000000000100079
001000010000000000000001434780000000000200760386360000000000462640005000000000009716
001000050000000000000000338380000000000307102724800000000000588540005000000000012359
001000020000000000000000513280000000000307140993250000000002914040005000000000061195
001000010000000000000000214380000000000202200422790000000001244630005000000000026137
001000720000000000000003493780000000000306961730080000000000411770005000000000008647
001000760000000000000000024280000000000306961730080000000000303200005000000000006367
001000720000000000000003054780000000000306961730080000000000401480005000000000008431
001000720000000000000003775280000000000306961730080000000000864570005000000000018156
001000720000000000000003729480000000000306961730080000000001573240005000000000033038
001000010000000000000001185180000000000307105374840000000000345450005000000000007255
001000070000000000000002876180000000000307000520400000000000073190005000000000001537
001000090000000000000000234280000000000307120421800000000000684300005000000000014370
001000030000000000000007164980000000000307097975450000000000086800005000000000001823
001000030000000000000000009780000000000306812703170000000000462400005000000000009710
001000060000000000000001580380000000000305577823930000000009038020005000000000189798
