00100002000000000000000003150000000012250990005000000000257270
00600002000000000000000008260000000007179340005000000000150766
00600002000000000000000008270000000010540500005000000000221350
00600002000000000000000008280000000006439670005000000000135233
00600002000000000000000008290000000002050410005000000000043059
00600002000000000000000008300000000003508260005000000000073674
00100002000000000000000003160000000004165280005000000000087471
00600002000000000000000008310000000000799170005000000000016783
00600002000000000000000008320000000002631400005000000000055260
00600002000000000000000008330000000003440410005000000000072249
00100002000000000000000003170000000001810740005000000000038026
00600002000000000000000008340000000002032230005000000000042677
00600002000000000000000008350000000002879340005000000000060466
00600002000000000000000008360000000003176860005000000000066714
00600002000000000000000008370000000002661160005000000000055884
00600002000000000000000008380000000002075210005000000000043579
00600002000000000000000008390000000004548760005000000000095524
00600002000000000000000008400000000005651240005000000000118676
00100002000000000000000003180000000011880000005000000000249480
00600002000000000000000008410000000007766940005000000000163106
00600002000000000000000008420000000000572730005000000000012027
00600002000000000000000008430000000003805790005000000000079921
00600002000000000000000008440000000000811160005000000000017034
00600002000000000000000008450000000000698350005000000000014665
00600002000000000000000008460000000000813220005000000000017078
00600002000000000000000008470000000000771490005000000000016201
00600002000000000000000008480000000000689260005000000000014474
00600002000000000000000008490000000000714050005000000000014995
00600002000000000000000008500000000001248760005000000000026224
00100002000000000000000003190000000001258670005000000000026432
00600002000000000000000008510000000001857020005000000000038998
00600002000000000000000008520000000000646550005000000000013578
00600002000000000000000008530000000000796860005000000000016734
00600002000000000000000008540000000000428100005000000000008990
00100002000000000000000003200000000015727300005000000000330273
00100002000000000000000003210000000013013630005000000000273286
00100002000000000000000003220000000014255120005000000000299358
00600002000000000000000008550000000004057850005000000000085215
00600002000000000000000008560000000001446280005000000000030372
00600002000000000000000008570000000000689880005000000000014487
00600002000000000000000008580000000000799590005000000000016791
00600002000000000000000008590000000000747930005000000000015707
00600002000000000000000008600000000000754350005000000000015841
00600002000000000000000008610000000000771490005000000000016201
00600002000000000000000008620000000000714050005000000000014995
00600002000000000000000008630000000000796860005000000000016734
00600002000000000000000008640000000000689260005000000000014474
00600002000000000000000008650000000000811160005000000000017034
00600002000000000000000008660000000000646550005000000000013578
00600002000000000000000008670000000000753720005000000000015828
00600002000000000000000008680000000000811160005000000000017034
00600002000000000000000008690000000006291240005000000000132116
00600002000000000000000008700000000008743310005000000000183609
00600002000000000000000008710000000008036360005000000000168764
00600002000000000000000008720000000002631820005000000000055268
00600002000000000000000008730000000002358680005000000000049532
00600002000000000000000008740000000004911570005000000000103143
00600002000000000000000008750000000006066940005000000000127406
00600002000000000000000008760000000006732230005000000000141377
00600002000000000000000008770000000001632230005000000000034277
00600002000000000000000008780000000003128100005000000000065690
00600002000000000000000008790000000004530580005000000000095142
00600002000000000000000008800000000001685950005000000000035405
00600002000000000000000008810000000001735540005000000000036446
00600002000000000000000008820000000001300830005000000000027317
00600002000000000000000008830000000007780990005000000000163401
00600002000000000000000008840000000006963640005000000000146236
00600002000000000000000008850000000000785120005000000000016488
00600002000000000000000008860000000000588430005000000000012357
00600002000000000000000008870000000001455370005000000000030563
00600002000000000000000008880000000001317360005000000000027664
00600002000000000000000008890000000001407440005000000000029556
00600002000000000000000008900000000001857020005000000000038998
00600002000000000000000008910000000005552890005000000000116611
00600002000000000000000008920000000006177690005000000000129731
00600002000000000000000008930000000002268600005000000000047640
00600002000000000000000008940000000002601650005000000000054635
00100002000000000000000003230000000028235000005000000000592935
00100002000000000000000003240000000020000000005000000000420000
00100002000000000000000003250000000041428000005000000000869988
00100002000000000000000003260000000030000000005000000000630000
00300002000000000000000000140000000011880000005000000000249480
