001000070000000000000000285580000000000305812090760000000008464000005000000000177744
001000110000000000000007633980000000000306392012320000000190790800005000000004006607
001000110000000000000007634080000000000306392012320000000309615930005000000006501935
001000020000000000000000094680000000000201060217330000000033002200005000000000693046
001000130000000000000015581580000000000305358963790000000010305190005000000000216409
001000130000000000000015713380000000000305358963790000000001849740005000000000038845
001000050000000000000000122580000000000306077694150000000022545000005000000000473445
001000040000000000000004502480000000000306109367800000000020687640005000000000434440
001000040000000000000004503180000000000306109367800000000006190530005000000000130001
001000210000000000000022460680000000000305560955970000000109159120005000000002292342
001000230000000000000002919780000000000305560955970000000021131160005000000000443754
001000230000000000000002932380000000000305560955970000000003993600005000000000083866
001000230000000000000002931780000000000305560955970000000022874650005000000000480368
001000230000000000000002934280000000000305560955970000000007187200005000000000150931
001000230000000000000002932480000000000305560955970000000063343490005000000001330213
001055120000000000000251598280000000000306781864450000000001020000006000000000027540
001001010000000000000038654980000000000306906336350000000000508090006000000000013718
001001010000000001111138654980000000000306906336350000000000000200005000000000000004
001001010000000000000038225480000000000306906336350000000000397940006000000000010744
001001010000000000000038223580000000000306906336350000000000676490006000000000018265
001001010000000000000038224480000000000306906336350000000000157010006000000000004239
001001010000000000000038460780000000000306906336350000000000337740006000000000009119
001020930000000000000693330180000000000306788143570000000000001620006000000000000044
001010220000000000000621858580000000000305736520840000000000596360005000000000012524
001010220000000000000621942080000000000305736520840000000000596360005000000000012524
001010220000000000000621972280000000000305736520840000000000577350005000000000012124
001081020000000000001649147980000000000306394537380000000000158870006000000000004290
001053000000000000000120127480000000000306394537380000000000554070006000000000014960
001053000000000000000120062180000000000306394537380000000000502740006000000000013574
001053000000000000000120244780000000000306394537380000000000091700006000000000002476
001010270000000000000000585380000000000305011992530000000281957480005000000005921107
003010250000000000000005485280000000000305011992530000000134627660005000000002827181
003010250000000000000005485180000000000305011992530000000102997900005000000002162956
001010270000000000000000584080000000000305011992530000000044658430005000000000937827
001010270000000000000000584180000000000305011992530000000055804180005000000001171888
001000090000000000000013330380000000000307093694030000000000371900005000000000007810
001005010000000000000014612280000000000305005308510000000601095090005000000012622997
001005010000000000000014582580000000000305005308510000000332662600005000000006985915
003005010000000000000006320780000000000305005308510000000087408440005000000001835577
001000520000000000000000164580000000000307072119420000000004142190005000000000086986
001000110000000000000001171780000000000305635165730000000001323970005000000000027803
001000110000000000000001185380000000000305635165730000000004387600005000000000092140
001000030000000000000000010280000000000232629364490000000032089590005000000000673881
001000240000000000000000572080000000000306813051290000000000560670005000000000011774
001010100000000000000018697780000000000305011992530000000060416850005000000001268754
001000040000000000000000896380000000000306754074160000000060457320005000000001269604
001000090000000000000035027780000000000307072971540000000034322500005000000000720772
001000030000000000000003038180000000000336800218190000000007373350005000000000154840
001000310000000000000000765480000000000307102046710000000020831080005000000000437453
001000310000000000000000765580000000000307102046710000000123056000005000000002584176
001000310000000000000000787680000000000307102046710000000024392400005000000000512240
001000010000000000000000178580000000000307150823370000000004591580005000000000096423
