001000010000000000002016070180000000000305000084540000000000015790005000000000000332
001000010000000000002016070280000000000305801894110000000000213000005000000000004473
001000010000000000000000000880000000000271612821330000000003873970005000000000081353
001000010000000000000000000980000000000271612821330000000003873970005000000000081353
001000010000000000000000001380000000000271612821330000000003873970005000000000081353
001000010000000000000000001480000000000271612821330000000003873970005000000000081353
001000010000000000000000001680000000000271612821330000000003873970005000000000081353
001000020000000000000000001180000000000201415460590000000003873970005000000000081353
001000020000000000000000001280000000000201415460590000000003873970005000000000081353
001000020000000000000000001380000000000201415460590000000003873970005000000000081353
001000020000000000000000001480000000000201415460590000000003873970005000000000081353
001000020000000000000000002080000000000201415460590000000003873970005000000000081353
001000020000000000000000002280000000000201415460590000000003873970005000000000081353
001000020000000000000000002580000000000201415460590000000004000000005000000000084000
001000050000000000000000003680000000000307105514600000000000000000003000000000000000
