00100004000000000000000001460000000038454150005000000000807537
00100004000000000000000001470000000012684670005000000000266378
00100004000000000000000001480000000001430000005000000000030030
00100004000000000000000001490000000001890000005000000000039690
00100004000000000000000001500000000008176720005000000000171711
00100004000000000000000001510000000003986000004000000000041853
00100004000000000000000001510000000000222000005000000000004662
00100004000000000000000001520000000049266000005000000001034586
00100004000000000000000001530000000002700000005000000000056700
00100004000000000000000001540000000005000000005000000000105000
00100004000000000000000001550000000036202000005000000000760242
00300004000000000000000000040000000005000000005000000000105000
00100004000000000000000001560000000004640000005000000000097440
00100004000000000000000001570000000001000000005000000000021000
