00600002000000000000000093780000000000925620005000000000019438
00600002000000000000000093790000000000371900005000000000007810
00600002000000000000000093800000000000190080005000000000003992
00600002000000000000000093810000000000826450005000000000017355
00600002000000000000000093820000000000206610005000000000004339
00600002000000000000000093830000000001190080005000000000024992
00600002000000000000000093840000000002078510005000000000043649
00600002000000000000000093850000000000454550005000000000009545
00600002000000000000000093860000000002438020005000000000051198
00600002000000000000000093870000000000495870005000000000010413
00600002000000000000000093880000000001074380005000000000022562
00600002000000000000000093890000000001115700005000000000023430
00600002000000000000000093900000000003785120005000000000079488
00600002000000000000000093910000000001148760005000000000024124
00600002000000000000000093920000000000371900005000000000007810
00600002000000000000000093930000000000371900005000000000007810
00600002000000000000000093940000000000661160005000000000013884
00600002000000000000000093950000000002727270005000000000057273
00600002000000000000000093960000000000702480005000000000014752
00600002000000000000000093970000000000206610005000000000004339
00600002000000000000000093980000000000652890005000000000013711
00600002000000000000000093990000000000396690005000000000008331
00600002000000000000000094000000000000929750005000000000019525
00600002000000000000000094010000000000371900005000000000007810
00600002000000000000000094020000000001603310005000000000033669
00600002000000000000000094030000000000859500005000000000018050
00600002000000000000000094040000000000247930005000000000005207
00600002000000000000000094050000000000735540005000000000015446
00600002000000000000000094060000000000289260005000000000006074
00600002000000000000000094070000000000392560005000000000008244
00600002000000000000000094080000000001272730005000000000026727
00600002000000000000000094090000000000371900005000000000007810
00600002000000000000000094100000000001074380005000000000022562
00600002000000000000000094110000000002504130005000000000052587
00600002000000000000000094120000000000735540005000000000015446
00600002000000000000000094130000000000396690005000000000008331
00600002000000000000000094140000000000396690005000000000008331
00600002000000000000000094150000000000909090005000000000019091
00600002000000000000000094160000000000867770005000000000018223
00600002000000000000000094170000000000578510005000000000012149
00600002000000000000000094180000000000694210005000000000014579
00600002000000000000000094190000000001190080005000000000024992
00600002000000000000000094200000000001115700005000000000023430
00600002000000000000000094210000000000099170005000000000002083
00600002000000000000000094220000000000909090005000000000019091
00600002000000000000000094230000000000909090005000000000019091
00600002000000000000000094240000000003954550005000000000083045
00600002000000000000000094250000000002995870005000000000062913
00600002000000000000000094260000000003925620005000000000082438
00600002000000000000000094270000000000661160005000000000013884
00600002000000000000000094280000000002314050005000000000048595
00600002000000000000000094290000000003347110005000000000070289
00600002000000000000000094300000000003347110005000000000070289
00600002000000000000000094310000000003347110005000000000070289
00600002000000000000000094320000000003347110005000000000070289
00600002000000000000000094330000000000371900005000000000007810
00600002000000000000000094340000000000495870005000000000010413
00600002000000000000000094350000000000074380005000000000001562
00600002000000000000000094360000000000396690005000000000008331
00600002000000000000000094370000000000206610005000000000004339
00600002000000000000000094380000000000289260005000000000006074
00600002000000000000000094390000000000355370005000000000007463
00600002000000000000000094400000000000479340005000000000010066
00600002000000000000000094410000000000888430005000000000018657
00600002000000000000000094420000000000396690005000000000008331
00600002000000000000000094430000000000165290005000000000003471
00600002000000000000000094440000000000702480005000000000014752
00600002000000000000000094450000000000289260005000000000006074
00600002000000000000000094460000000000371900005000000000007810
00600002000000000000000094470000000000537190005000000000011281
00600002000000000000000094480000000000404960005000000000008504
00600002000000000000000094490000000003099170005000000000065083
00600002000000000000000094500000000001074380005000000000022562
00600002000000000000000094510000000001508260005000000000031674
00600002000000000000000094520000000000371900005000000000007810
00600002000000000000000094530000000000652890005000000000013711
00600002000000000000000094540000000000487600005000000000010240
00600002000000000000000094550000000000371900005000000000007810
00600002000000000000000094560000000000785120005000000000016488
00600002000000000000000094570000000000000000006000000000000000
00600002000000000000000094580000000000392560005000000000008244
00600002000000000000000094590000000000652890005000000000013711
00600002000000000000000094600000000001157020005000000000024298
00600002000000000000000094610000000000330580005000000000006942
00600002000000000000000094620000000000826450005000000000017355
00600002000000000000000094630000000000950410005000000000019959
00600002000000000000000094640000000001694210005000000000035579
00600002000000000000000094650000000000652890005000000000013711
00600002000000000000000094660000000000652890005000000000013711
00600002000000000000000094670000000001570250005000000000032975
00600002000000000000000094680000000001322310005000000000027769
00600002000000000000000094690000000000165290005000000000003471
00600002000000000000000094700000000001157020005000000000024298
00600002000000000000000094710000000002793390005000000000058661
00600002000000000000000094720000000000371900005000000000007810
00600002000000000000000094730000000000727270005000000000015273
00600002000000000000000094740000000000909090005000000000019091
00600002000000000000000094750000000001735540005000000000036446
00600002000000000000000094760000000000322310005000000000006769
00600002000000000000000094770000000000446280005000000000009372
00600002000000000000000094780000000000570250005000000000011975
00600002000000000000000094790000000000247930005000000000005207
00600002000000000000000094800000000000165290005000000000003471
00600002000000000000000094810000000000971070005000000000020393
00600002000000000000000094820000000000619830005000000000013017
00600002000000000000000094830000000000570250005000000000011975
00600002000000000000000094840000000001157020005000000000024298
00600002000000000000000094850000000000785120005000000000016488
00600002000000000000000094860000000000309920005000000000006508
00600002000000000000000094870000000002148760005000000000045124
00600002000000000000000094880000000000619830005000000000013017
00600002000000000000000094890000000000289260005000000000006074
00600002000000000000000094900000000001057850005000000000022215
00600002000000000000000094910000000001223140005000000000025686
00600002000000000000000094920000000000082640005000000000001736
00600002000000000000000094930000000000330580005000000000006942
00600002000000000000000094940000000000479340005000000000010066
00600002000000000000000094950000000001809920005000000000038008
00600002000000000000000094960000000001809920005000000000038008
00600002000000000000000094970000000000578510005000000000012149
00600002000000000000000094980000000000471070005000000000009893
00600002000000000000000094990000000001673550005000000000035145
00600002000000000000000095000000000001095040005000000000022996
00600002000000000000000095010000000000322310005000000000006769
00600002000000000000000095020000000001074380005000000000022562
00600002000000000000000095030000000001074380005000000000022562
00600002000000000000000095040000000000396690005000000000008331
00600002000000000000000095050000000000000000006000000000000000
00600002000000000000000095060000000000909090005000000000019091
00600002000000000000000095070000000000950410005000000000019959
00600002000000000000000095080000000000570250005000000000011975
00600002000000000000000095090000000001074380005000000000022562
00600002000000000000000095100000000000322310005000000000006769
00600002000000000000000095110000000001157020005000000000024298
00600002000000000000000095120000000002462810005000000000051719
00600002000000000000000095130000000003801650005000000000079835
00600002000000000000000095140000000000909090005000000000019091
00600002000000000000000095150000000001297520005000000000027248
00600002000000000000000095160000000002140500005000000000044950
00600002000000000000000095170000000000991740005000000000020826
00600002000000000000000095180000000000652890005000000000013711
00600002000000000000000095190000000001115700005000000000023430
00600002000000000000000095200000000000909090005000000000019091
00600002000000000000000095210000000000785120005000000000016488
00600002000000000000000095220000000001810740005000000000038026
00600002000000000000000095230000000000909090005000000000019091
00600002000000000000000095240000000000785120005000000000016488
00600002000000000000000095250000000000351240005000000000007376
00600002000000000000000095260000000000305790005000000000006421
00600002000000000000000095270000000001818180005000000000038182
00600002000000000000000095280000000000487600005000000000010240
00600002000000000000000095290000000001140500005000000000023950
00600002000000000000000095300000000000322310005000000000006769
00600002000000000000000095310000000001735540005000000000036446
00600002000000000000000095320000000001239670005000000000026033
00600002000000000000000095330000000001355370005000000000028463
00600002000000000000000095340000000000289260005000000000006074
00600002000000000000000095350000000000702480005000000000014752
00600002000000000000000095360000000000214880005000000000004512
00600002000000000000000095370000000000000000006000000000000000
00600002000000000000000095380000000001239670005000000000026033
00600002000000000000000095390000000000371900005000000000007810
00600002000000000000000095400000000000371900005000000000007810
00600002000000000000000095410000000000909090005000000000019091
00600002000000000000000095420000000000661160005000000000013884
00600002000000000000000095430000000000619830005000000000013017
00600002000000000000000095440000000000305790005000000000006421
00600002000000000000000095450000000000805790005000000000016921
00600002000000000000000095460000000000330580005000000000006942
00600002000000000000000095470000000000533060005000000000011194
00600002000000000000000095480000000000694210005000000000014579
00600002000000000000000095490000000000371900005000000000007810
00600002000000000000000095500000000001239670005000000000026033
00600002000000000000000095510000000001404960005000000000029504
00600002000000000000000095520000000000561980005000000000011802
00600002000000000000000095530000000001008260005000000000021174
00600002000000000000000095540000000000322310005000000000006769
00600002000000000000000095550000000000404960005000000000008504
00600002000000000000000095560000000001198350005000000000025165
00600002000000000000000095570000000000909090005000000000019091
00600002000000000000000095580000000001148760005000000000024124
00600002000000000000000095590000000001057850005000000000022215
00600002000000000000000095600000000000619830005000000000013017
00600002000000000000000095610000000000000000006000000000000000
00600002000000000000000095620000000000652890005000000000013711
00600002000000000000000095630000000000735540005000000000015446
00600002000000000000000095640000000000735540005000000000015446
00600002000000000000000095650000000000570250005000000000011975
00600002000000000000000095660000000000322310005000000000006769
00600002000000000000000095670000000000570250005000000000011975
00600002000000000000000095680000000000570250005000000000011975
00600002000000000000000095690000000001644630005000000000034537
00600002000000000000000095700000000002148760005000000000045124
00600002000000000000000095710000000002876030005000000000060397
00600002000000000000000095720000000000867770005000000000018223
00600002000000000000000095730000000004041320005000000000084868
00600002000000000000000095740000000003966940005000000000083306
00600002000000000000000095750000000003764460005000000000079054
00600002000000000000000095760000000003033060005000000000063694
00600002000000000000000095770000000000239670005000000000005033
00600002000000000000000095780000000002049590005000000000043041
00600002000000000000000095790000000001942150005000000000040785
00600002000000000000000095800000000000000000006000000000000000
00600002000000000000000095810000000000826450005000000000017355
00600002000000000000000095820000000002487600005000000000052240
00600002000000000000000095830000000000289260005000000000006074
00600002000000000000000095840000000000619830005000000000013017
00600002000000000000000095850000000000818180005000000000017182
00600002000000000000000095860000000000471070005000000000009893
00600002000000000000000095870000000000227270005000000000004773
00600002000000000000000095880000000000867770005000000000018223
00600002000000000000000095890000000000371900005000000000007810
00600002000000000000000095900000000000487600005000000000010240
00600002000000000000000095910000000000371900005000000000007810
00600002000000000000000095920000000001396690005000000000029331
00600002000000000000000095930000000000909090005000000000019091
00600002000000000000000095940000000000909090005000000000019091
00600002000000000000000095950000000000330580005000000000006942
00600002000000000000000095960000000000842980005000000000017702
00600002000000000000000095970000000000909090005000000000019091
00600002000000000000000095980000000000909090005000000000019091
00600002000000000000000095990000000002388430005000000000050157
00600002000000000000000096000000000000206610005000000000004339
00600002000000000000000096010000000000818180005000000000017182
00600002000000000000000096020000000000888430005000000000018657
00100002000000000000000000660000000002388430005000000000050157
00600002000000000000000096030000000000743800005000000000015620
00600002000000000000000096040000000000975210005000000000020479
00600002000000000000000096050000000001264460005000000000026554
00600002000000000000000096060000000000479340005000000000010066
00600002000000000000000096070000000000198350005000000000004165
00600002000000000000000096080000000000743800005000000000015620
00600002000000000000000096090000000000371900005000000000007810
00600002000000000000000096100000000001797520005000000000037748
00600002000000000000000096110000000000396690005000000000008331
00600002000000000000000096120000000000661160005000000000013884
00600002000000000000000096130000000000652890005000000000013711
00600002000000000000000096140000000002272730005000000000047727
00600002000000000000000096150000000000570250005000000000011975
00600002000000000000000096160000000001066120005000000000022388
00600002000000000000000096170000000000206610005000000000004339
00600002000000000000000096180000000000892560005000000000018744
00600002000000000000000096190000000000867770005000000000018223
00600002000000000000000096200000000001942150005000000000040785
00600002000000000000000096210000000000619830005000000000013017
00600002000000000000000096220000000000309920005000000000006508
00600002000000000000000096230000000000570250005000000000011975
00600002000000000000000096240000000000652890005000000000013711
00600002000000000000000096250000000000661160005000000000013884
00600002000000000000000096260000000000082640005000000000001736
00600002000000000000000096270000000000475210005000000000009979
00600002000000000000000096280000000000818180005000000000017182
00600002000000000000000096290000000000909090005000000000019091
00600002000000000000000096300000000000371900005000000000007810
00600002000000000000000096310000000000000000006000000000000000
00600002000000000000000096320000000001512400005000000000031760
00600002000000000000000096330000000000590910005000000000012409
00600002000000000000000096340000000001363640005000000000028636
00600002000000000000000096350000000000805790005000000000016921
00600002000000000000000096360000000000198350005000000000004165
00600002000000000000000096370000000000371900005000000000007810
00600002000000000000000096380000000001611570005000000000033843
00600002000000000000000096390000000000495870005000000000010413
00600002000000000000000096400000000000826450005000000000017355
00600002000000000000000096410000000002148760005000000000045124
00600002000000000000000096420000000000991740005000000000020826
00600002000000000000000096430000000000322310005000000000006769
00600002000000000000000096440000000000289260005000000000006074
00600002000000000000000096450000000000289260005000000000006074
00600002000000000000000096460000000000322310005000000000006769
00600002000000000000000096470000000002297520005000000000048248
00600002000000000000000096480000000003636360005000000000076364
00600002000000000000000096490000000000867770005000000000018223
00600002000000000000000096500000000000322310005000000000006769
00100002000000000000000000670000000000702480005000000000014752
00600002000000000000000096510000000002148760005000000000045124
00600002000000000000000096520000000000677690005000000000014231
00600002000000000000000096530000000000289260005000000000006074
00600002000000000000000096540000000001611570005000000000033843
00600002000000000000000096550000000000371900005000000000007810
00600002000000000000000096560000000000330580005000000000006942
00600002000000000000000096570000000000785120005000000000016488
00600002000000000000000096580000000000330580005000000000006942
00600002000000000000000096590000000000991740005000000000020826
00600002000000000000000096600000000000247930005000000000005207
00600002000000000000000096610000000001342980005000000000028202
00600002000000000000000096620000000001041320005000000000021868
00600002000000000000000096630000000000735540005000000000015446
00600002000000000000000096640000000003681820005000000000077318
00600002000000000000000096650000000004066120005000000000085388
00600002000000000000000096660000000004066120005000000000085388
00600002000000000000000096670000000000371900005000000000007810
00600002000000000000000096680000000000859500005000000000018050
00600002000000000000000096690000000000652890005000000000013711
00600002000000000000000096700000000000582640005000000000012236
00600002000000000000000096710000000000619830005000000000013017
00600002000000000000000096720000000000206610005000000000004339
00600002000000000000000096730000000000603310005000000000012669
00600002000000000000000096740000000000396690005000000000008331
00600002000000000000000096750000000000396690005000000000008331
00600002000000000000000096760000000000371900005000000000007810
00600002000000000000000096770000000000371900005000000000007810
00600002000000000000000096780000000000685950005000000000014405
00600002000000000000000096790000000000371900005000000000007810
00600002000000000000000096800000000000157020005000000000003298
00600002000000000000000096810000000000396690005000000000008331
00600002000000000000000096820000000001074380005000000000022562
00600002000000000000000096830000000000818180005000000000017182
00600002000000000000000096840000000001016530005000000000021347
00600002000000000000000096850000000001768600005000000000037140
00600002000000000000000096860000000001074380005000000000022562
00600002000000000000000096870000000001157020005000000000024298
00600002000000000000000096880000000000371900005000000000007810
00600002000000000000000096890000000000227270005000000000004773
00600002000000000000000096900000000000165290005000000000003471
00600002000000000000000096910000000000702480005000000000014752
00600002000000000000000096920000000000677690005000000000014231
00600002000000000000000096930000000000702480005000000000014752
00600002000000000000000096940000000000371900005000000000007810
00600002000000000000000096950000000000991740005000000000020826
00600002000000000000000096960000000000677690005000000000014231
00600002000000000000000096970000000000619830005000000000013017
00600002000000000000000096980000000000619830005000000000013017
00600002000000000000000096990000000000247930005000000000005207
00600002000000000000000097000000000000330580005000000000006942
00600002000000000000000097010000000001082640005000000000022736
00600002000000000000000097020000000000702480005000000000014752
00600002000000000000000097030000000000289260005000000000006074
00600002000000000000000097040000000000652890005000000000013711
00600002000000000000000097050000000000785120005000000000016488
00600002000000000000000097060000000000950410005000000000019959
00600002000000000000000097070000000000909090005000000000019091
00600002000000000000000097080000000002231400005000000000046860
00600002000000000000000097090000000000206610005000000000004339
00600002000000000000000097100000000000227270005000000000004773
00600002000000000000000097110000000000371900005000000000007810
00600002000000000000000097120000000000743800005000000000015620
00600002000000000000000097130000000000165290005000000000003471
00600002000000000000000097140000000001900830005000000000039917
00600002000000000000000097150000000000826450005000000000017355
00600002000000000000000097160000000004132230005000000000086777
00600002000000000000000097170000000001388430005000000000029157
00600002000000000000000097180000000000971070005000000000020393
00600002000000000000000097190000000000330580005000000000006942
00600002000000000000000097200000000000561980005000000000011802
00600002000000000000000097210000000001636360005000000000034364
00600002000000000000000097220000000001636360005000000000034364
00600002000000000000000097230000000000859500005000000000018050
00600002000000000000000097240000000001710740005000000000035926
00600002000000000000000097250000000000330580005000000000006942
00600002000000000000000097260000000000289260005000000000006074
00600002000000000000000097270000000000347110005000000000007289
00600002000000000000000097280000000002272730005000000000047727
00600002000000000000000097290000000000702480005000000000014752
00600002000000000000000097300000000000557850005000000000011715
00600002000000000000000097310000000000297520005000000000006248
00600002000000000000000097320000000000619830005000000000013017
00600002000000000000000097330000000001074380005000000000022562
00600002000000000000000097340000000000570250005000000000011975
00600002000000000000000097350000000001933880005000000000040612
00600002000000000000000097360000000000785120005000000000016488
00600002000000000000000097370000000000330580005000000000006942
00600002000000000000000097380000000000847110005000000000017789
00600002000000000000000097390000000000619830005000000000013017
00600002000000000000000097400000000000991740005000000000020826
00600002000000000000000097410000000000371900005000000000007810
00600002000000000000000097420000000000661160005000000000013884
00600002000000000000000097430000000000247930005000000000005207
00600002000000000000000097440000000000557850005000000000011715
00600002000000000000000097450000000003966940005000000000083306
00600002000000000000000097460000000000371900005000000000007810
00600002000000000000000097470000000000661160005000000000013884
00600002000000000000000097480000000000661160005000000000013884
00600002000000000000000097490000000001975210005000000000041479
00600002000000000000000097500000000000818180005000000000017182
00600002000000000000000097510000000000413220005000000000008678
00600002000000000000000097520000000000165290005000000000003471
00600002000000000000000097530000000000487600005000000000010240
00600002000000000000000097540000000000396690005000000000008331
00600002000000000000000097550000000000644630005000000000013537
00600002000000000000000097560000000000822310005000000000017269
00600002000000000000000097570000000000371900005000000000007810
00600002000000000000000097580000000001074380005000000000022562
00600002000000000000000097590000000000818180005000000000017182
00600002000000000000000097600000000002033060005000000000042694
00600002000000000000000097610000000000454550005000000000009545
00600002000000000000000097620000000000433880005000000000009112
00600002000000000000000097630000000000537190005000000000011281
00600002000000000000000097640000000000888430005000000000018657
00600002000000000000000097650000000000487600005000000000010240
00600002000000000000000097660000000001652890005000000000034711
00600002000000000000000097670000000000975210005000000000020479
00600002000000000000000097680000000001231400005000000000025860
00600002000000000000000097690000000000537190005000000000011281
00600002000000000000000097700000000000363640005000000000007636
00600002000000000000000097710000000000260330005000000000005467
00600002000000000000000097720000000000570250005000000000011975
00600002000000000000000097730000000000396690005000000000008331
00600002000000000000000097740000000000966940005000000000020306
00600002000000000000000097750000000003685950005000000000077405
00600002000000000000000097760000000003917360005000000000082264
00600002000000000000000097770000000003471070005000000000072893
00600002000000000000000097780000000000557850005000000000011715
00600002000000000000000097790000000000322310005000000000006769
00600002000000000000000097800000000000371900005000000000007810
00600002000000000000000097810000000000487600005000000000010240
00600002000000000000000097820000000000148760005000000000003124
00600002000000000000000097830000000000371900005000000000007810
00600002000000000000000097840000000001066120005000000000022388
00600002000000000000000097850000000001756200005000000000036880
00600002000000000000000097860000000001880170005000000000039483
00600002000000000000000097870000000000681820005000000000014318
00600002000000000000000097880000000000950410005000000000019959
00600002000000000000000097890000000000652890005000000000013711
00600002000000000000000097900000000000652890005000000000013711
00600002000000000000000097910000000000570250005000000000011975
00600002000000000000000097920000000000867770005000000000018223
00600002000000000000000097930000000000652890005000000000013711
00600002000000000000000097940000000001198350005000000000025165
00600002000000000000000097950000000000768600005000000000016140
00600002000000000000000097960000000000371900005000000000007810
00600002000000000000000097970000000000975210005000000000020479
00600002000000000000000097980000000000371900005000000000007810
00600002000000000000000097990000000000289260005000000000006074
00600002000000000000000098000000000000487600005000000000010240
00600002000000000000000098010000000000330580005000000000006942
00600002000000000000000098020000000000652890005000000000013711
00600002000000000000000098030000000000454550005000000000009545
00600002000000000000000098040000000001611570005000000000033843
00600002000000000000000098050000000001789260005000000000037574
00600002000000000000000098060000000000206610005000000000004339
00600002000000000000000098070000000000330580005000000000006942
00600002000000000000000098080000000000487600005000000000010240
00600002000000000000000098090000000000487600005000000000010240
00600002000000000000000098100000000002561980005000000000053802
00600002000000000000000098110000000000785120005000000000016488
00600002000000000000000098120000000000487600005000000000010240
00600002000000000000000098130000000002561980005000000000053802
00600002000000000000000098140000000000652890005000000000013711
00600002000000000000000098150000000001231400005000000000025860
00600002000000000000000098160000000000433880005000000000009112
00600002000000000000000098170000000000537190005000000000011281
00600002000000000000000098180000000000702480005000000000014752
00600002000000000000000098190000000000570250005000000000011975
00600002000000000000000098200000000000661160005000000000013884
00600002000000000000000098210000000001396690005000000000029331
00600002000000000000000098220000000000495870005000000000010413
00600002000000000000000098230000000001561980005000000000032802
00600002000000000000000098240000000000413220005000000000008678
00600002000000000000000098250000000000371900005000000000007810
00600002000000000000000098260000000000557850005000000000011715
00600002000000000000000098270000000000082640005000000000001736
00600002000000000000000098280000000000570250005000000000011975
00600002000000000000000098290000000001487600005000000000031240
00600002000000000000000098300000000000578510005000000000012149
00600002000000000000000098310000000000826450005000000000017355
00600002000000000000000098320000000000909090005000000000019091
00600002000000000000000098330000000000818180005000000000017182
00600002000000000000000098340000000000247930005000000000005207
00600002000000000000000098350000000000909090005000000000019091
00600002000000000000000098360000000000392560005000000000008244
00600002000000000000000098370000000002314050005000000000048595
00600002000000000000000098380000000000330580005000000000006942
00600002000000000000000098390000000000289260005000000000006074
00600002000000000000000098400000000000396690005000000000008331
00600002000000000000000098410000000000644630005000000000013537
00600002000000000000000098420000000000487600005000000000010240
00600002000000000000000098430000000000454550005000000000009545
00600002000000000000000098440000000000702480005000000000014752
00600002000000000000000098450000000000743800005000000000015620
00600002000000000000000098460000000001090910005000000000022909
00600002000000000000000098470000000000640500005000000000013450
